,train,val
0,1.4559360559098857,1.4200483202003689
1,1.064990149882901,1.175486238333869
2,0.961484076818701,1.6587548346813235
3,1.0010393220498104,0.8252092609168421
4,0.8014360652800474,0.7581978551089628
5,1.0897433385122277,1.084898324887278
6,0.9122376952800015,0.8670500153734647
7,1.4720065436740855,1.1841189980001623
8,1.150179038321779,0.9207965971545014
9,1.047085541732559,1.1483654507670142
10,1.4005503784366027,1.3022069175832018
11,1.4603047406747063,1.0315806976497481
12,0.9464340419866779,1.44947116738956
13,1.5749702114215263,1.9527984650379804
14,1.0173917697247274,0.9867349641097303
15,1.0088240101914314,1.744446928552994
16,0.9314785309023998,0.9539382656793216
17,0.9344129678541275,1.2268829714883907
18,1.2813584127905644,2.637934672542009
19,1.4164597063502162,1.5955389963956006
20,1.561774634226037,1.197152275941916
21,1.0692146403419431,0.8409104493547384
22,1.3920117692375575,1.1623148212487373
23,0.9868135222880843,0.8211159407856037
24,1.1195468851469785,0.8672224250813314
25,0.8805773659159206,0.8462277790339823
26,0.9591534723125608,1.3353595022769629
27,1.146331319012498,1.0802939259399174
28,1.0143899151299116,1.2174892408745421
29,1.2606968489707129,2.620220124829051
30,1.122909049140801,1.221772405040845
31,0.8604626588642545,1.1170580659979745
32,0.8592692796527639,1.1869935821542794
33,2.1011436824762977,1.904879516583898
34,0.9560497564564201,0.9503481576132787
35,0.7147992763452282,0.8229477116706017
36,0.8594936252272796,1.1644024353703881
37,1.0037289178072897,0.9350819581564354
38,0.7554328943732367,0.7501514104149276
39,0.6962063068251042,0.8232348384637451
40,0.8159665801653502,1.029482816785076
41,2.4273653879345924,1.5403227872152327
42,0.8850329837340971,1.4263225164906688
43,0.7635773340303992,0.8699100792209664
44,0.9386908572456645,1.0278758848152718
45,0.8817175109552293,1.0481754563194536
46,1.3027523003712906,2.121470753233309
47,0.9832593584069496,1.385383902736491
48,0.6651711386739019,0.8910545118852495
49,0.8631914698438299,1.2818793229655951
50,0.9051768050968194,0.9785881919154324
51,0.848244778498576,0.8933122924693564
52,0.9247592977014927,1.148540822569311
53,0.7277524880846209,0.8712857093061355
54,0.8390102497284191,1.1521926964036944
55,0.8112323603376355,1.2719217232807538
56,1.1633509595875051,1.0511587260114372
57,0.7739084104288578,1.019446840195374
58,0.6884832342555002,0.9065958256637202
59,0.8335765467483855,0.742054158006046
60,1.1078523486910667,1.3322543170334473
61,0.8784031475875997,0.8792557298262762
62,0.6825627499985212,1.0385921057905343
63,0.744347460564829,0.882654547632017
64,0.908183991007836,1.5751884206562785
65,0.7516077873971527,1.153737602238229
66,1.1499234096454285,1.0876812132002551
67,0.9611155593574083,1.0428746212555535
68,0.8380150151307681,1.2938640504729007
69,0.7220136424561948,0.8696062033699605
70,0.8156297517578361,0.932789631855115
71,0.617924596654746,0.8308649290969689
72,0.719484128792607,1.0091310602509092
73,0.8240299347009186,1.4309879100152063
74,1.029416709881817,1.2116511518964166
75,0.9388626046695674,1.6247489991920308
76,1.1474096788700219,1.063994228330826
77,0.8376203730377245,0.8638777640326671
78,1.2190178984575575,1.6633266857953608
79,0.8862007908217588,1.3654747436582124
80,1.5866389695495486,1.4126123853378894
81,0.8574740091086828,1.0129394099439883
82,0.7139660931518184,0.7620555602486161
83,1.0102323374133095,1.2729136423936538
84,0.8524676829641309,0.902430090662006
85,0.8667153810885471,1.0068820139979615
86,1.1423290967222899,2.856542842859532
87,0.9046590064551505,1.0615212321981415
88,0.8925685344116108,1.2037544527196928
89,1.0591967528172126,1.1062604457962673
90,1.4176061407382545,1.1985930462557643
91,0.9167887818317622,1.4385349224591106
92,0.6060485514509864,0.8168399002791553
93,1.2771665862129238,1.143350841142843
94,0.7080850302586829,0.8849141334253792
95,1.3782700848677647,1.5054867656412347
96,3.3193608109784676,9.127412403780328
97,0.9699312737536294,0.8888459638491115
98,0.8786344925367005,0.8569940026709717
99,0.7834805724985247,0.8985246334693155
100,1.0274799598244562,1.2583144536092257
101,0.9495109920774172,1.0458835801756483
102,0.8595657330718129,0.8995184703351766
103,0.7630018913205042,1.1325669419416808
104,1.2837151434737608,1.610980571716435
105,0.8790013999876589,1.3709401445722826
106,0.9493338136884593,1.26014808638158
107,1.2285023276925477,1.4876710696594562
108,0.7857367579233032,0.9629772686592177
109,0.8010544181307817,0.8708431799489368
110,1.2752767348646128,1.5406147988276444
111,0.9300058506895768,0.951683324776263
112,0.987703825782225,1.325966567673941
113,0.7368361710932364,1.1792229096328912
114,0.6213070392424871,0.9277525023141147
115,0.824841085196721,0.991172874182461
116,0.7093100919511202,0.888313465510661
117,0.869868886774827,0.9049336899098643
118,0.7838555148799267,0.8991316873795072
119,0.737673861402353,0.9484223273148726
120,0.8923904096866779,1.419344176234712
121,0.8342492162767126,1.0216137490407289
122,0.7715501016699173,1.115369662797948
123,0.7113865580479051,0.8382942083068862
124,1.137605809513257,1.1985026693250664
125,0.7253564787325057,0.8955718430302488
126,0.8967026411793133,0.9532492896137598
127,0.726093356360752,1.4769197333014663
128,0.9314467712248913,0.7953597780934168
129,1.1989671265168043,1.0672381965116595
130,1.1120815095557113,1.365007053293063
131,1.0987954489188716,1.5869460423108135
132,0.7927119497611117,0.8792564051010163
133,0.8578007519873097,0.9907864007153695
134,1.3456462704580991,1.386226486140484
135,1.3163303076227313,1.522266800619509
136,1.0998422402568493,1.4447794735568218
137,0.9222134150912276,1.2031851450425304
138,0.7917999722706464,0.9739499493496142
139,1.02993107266465,1.0356599239707815
140,1.4036581184487757,1.0709981794336283
141,0.8015843317650235,1.037991782152107
142,0.7987488275052039,0.9836104457868428
143,1.1556197155850951,3.96276293755279
144,0.9540645549042714,1.3042081818332347
145,0.9845113996889154,1.0890563644830955
146,0.7959884480123272,1.2041131672747847
147,0.9397932065113643,0.8904558293810219
148,0.8491323023391035,0.940552129977212
149,0.6752756877951251,0.8886978802023691
150,1.8513715480415294,1.311415910872816
151,1.0396081520466358,1.2326243109526793
152,0.701538694913636,0.8313783482291233
153,0.9612546669374691,1.2648866021433807
154,0.8827161961234957,1.0349485222043617
155,0.7336058511154124,0.9773618253062097
156,0.7716541803214396,0.9291060817696437
157,0.8201400526510174,1.013670614645298
158,0.7819203279346384,1.3736358807681257
159,1.4798964496515878,1.1491127661782263
160,0.7474781217811228,1.00784369428432
161,0.7041453531858823,0.9252918616062511
162,1.2612466925930443,1.2957059724079982
163,0.9279317468022286,1.7017743475337057
164,0.7275783600212803,0.8777787761890281
165,1.0636063346737543,1.640457188493735
166,0.706037550006332,0.9298818062328156
167,1.1500136994839125,1.4027423933516687
168,0.836574217324437,0.9588894964489861
169,0.9494519776614487,1.0906800081962356
170,0.9482919730365098,1.4160708350594495
171,0.7982367038103773,1.0845263552831672
172,0.9623646190671384,0.9419982357773082
173,0.7590382489940986,0.9149053869790966
174,1.0953800788453059,1.1458223590335261
175,0.7624623244546522,0.8122850430028421
176,0.5778435345125097,1.045802098022087
177,1.3227649982961318,1.1792088490290837
178,0.8111277174212601,0.7781299200375544
179,1.173279566620731,1.4088292530507283
180,0.6939844573224323,0.7864997901076165
181,0.7622090078594612,0.931243734695536
182,1.266065307160826,1.1291771192026854
183,0.9269986382191799,1.026885603606205
184,0.9139923998300479,1.4383637334528392
185,1.1372530451339247,1.1668543443508002
186,1.0002365508583562,1.1141464559477194
187,1.289638392194296,1.1180968195452952
188,0.6621463827508673,0.9197111884386813
189,0.8708219883663539,1.0790668164570936
190,0.7646665718171406,0.9759732641451688
191,0.8481418925652882,1.175235175877133
192,0.9458810011596366,0.9463343350357705
193,1.179384483434249,1.0554494919498838
194,1.337762224691976,1.4005717110445106
195,0.7845539121062122,1.0512995964883318
196,0.7602406892653029,1.3178645759379468
197,1.0010167900391722,0.9545369778232115
198,1.1209846810698034,1.131430243399475
199,0.988744150634284,0.8190763793791955
200,1.0688564743105056,1.2216549917559691
201,0.6953552088367774,1.041019128318015
202,0.9728326949068267,1.0792834731926102
203,0.7628123064342873,0.9867580414522041
204,1.6378527927906663,1.5656882082223496
205,0.8239255081280246,1.3376107945748497
206,0.545928554194145,0.706900825460956
207,0.9691767965598082,1.0484828042275733
208,0.8341126710298377,0.7908695419198559
209,1.3246242373756385,3.0222920762446117
210,0.8815151333600126,0.9575620736927104
211,1.0696503795781247,1.0213780021111265
212,0.6797019344161205,1.216149337311006
213,1.4599378230063311,1.2275659145345488
214,0.7359905806622558,1.0448186808884237
215,0.5428811868804447,0.747216799332058
216,0.769547767187329,0.895420017879837
217,0.8071491392432617,0.7694222046592465
218,1.1334867165732698,1.2258168407384842
219,0.9106764340997908,0.9863258449711497
220,1.0674998457076081,1.0410641585902467
221,0.6998497225960834,0.8580892871880268
222,1.176911262056008,1.1873540044911792
223,0.8427110154412811,1.0318708259739438
224,0.9724661764735809,1.0396049961485834
225,1.0852023778651831,0.8075935165652537
226,0.8330279685962947,0.9835760212749116
227,2.2448837620207023,1.713546901130236
228,0.6781565182866232,1.0830004864364144
229,1.706702749308921,1.5568194620201
230,1.0735286391210617,1.3784384911253817
231,0.8306601935404234,0.9385288102400933
232,0.7977395326610488,1.2553511586310457
233,0.9993884857489748,1.519798219107235
234,0.8987838632038021,1.432688304811951
235,0.8322611450264321,0.7914674750025238
236,1.1457567094540186,3.2235546001126996
237,0.7568625537302779,0.8921936515395004
238,1.1599961256592908,1.2373840704075318
239,0.743974417501193,0.8378102466403974
240,1.0180459862138809,1.4898100857999967
241,1.437660086142356,1.108390283560413
242,0.6805006792853033,0.9200528802985429
243,0.7741005018221112,1.0051909376861317
244,1.0649229346345923,0.9719282964933669
245,1.1798020729024512,1.896293977329622
246,0.9118888770886349,0.8474149644926402
247,0.8982837533646031,1.53087998524879
248,0.6385289424676509,0.9143037357161823
249,0.7155308763903276,0.9699886725949864
250,0.8596867970446538,0.9828556472216428
251,0.750779644234292,1.1398098442681683
252,0.7612261040571375,0.7573078568810137
253,0.7999193951546963,0.772936039248238
254,0.858702651180598,1.256064628501159
255,0.9068922499723944,2.2543261576956652
256,0.7295203519557247,0.7238991146746895
257,0.8604574723383001,0.9411687719937571
258,1.0749683661095122,1.2075821080251277
259,1.0119263852983778,1.3022816967071176
260,0.6737564727004934,0.9999252998009777
261,1.1567906793232066,1.835502639276143
262,0.8765280801419113,1.5658569338705681
263,0.8106414492403011,1.256805871984985
264,0.7672736347200546,0.6938851139554488
265,0.7296891683544398,0.5975076577753478
266,0.8600433660866516,1.104158855685382
267,0.8500659183000665,0.8640294419130436
268,0.98571041047341,1.8820601413586218
269,1.2831348731673569,2.949447401809893
270,0.9265023645009431,0.896530241009613
271,0.8869482464862639,0.9002048441250396
272,1.532878759052003,1.606655294111419
273,1.1527725372278672,1.3598711921235354
274,1.176547641665274,1.7477056140087952
275,0.9988719884759691,3.100177871641686
276,1.2211119943935573,1.0906098763124619
277,1.1146708677520678,2.0075403098334093
278,1.245222458077366,1.9106952335117886
279,0.9173591578483729,0.8013248569474978
280,1.2428870702467802,1.9794629993200343
281,1.287065826078241,1.1446880277574363
282,1.0378605988321274,0.9525334744632521
283,0.8477533184789874,0.8090986289904216
284,0.9238651907090023,1.4112367719644379
285,1.1893895471270612,1.3551708476824875
286,0.8020342118615513,0.751004970266371
287,1.1281785683906418,1.0718333250382464
288,0.8415774355536525,0.7808265891491839
289,1.7697600635847452,2.6589360227497507
290,1.372679581270301,1.6598129152153502
291,0.8428613394761326,0.8576075609251836
292,0.9569278804470058,0.9989378107719498
293,1.0555701571017602,0.9452352422199409
294,1.0676954621586472,0.8490786332865579
295,1.140272072340674,2.5080186904241275
296,0.9941048752290922,1.5752748666860574
297,1.0017620611122224,1.3130566813623576
298,1.2847320026252953,1.095455146180798
299,1.1377084429142108,0.9406910671993723
300,1.6667465356499005,6.03260467182817
301,1.1735016395877642,1.2288638630736624
302,1.0364631881675972,1.2829246179533078
303,1.2289539270617764,1.0660332771559715
304,1.0873928735747906,1.2964764532401092
305,1.1686890634388634,1.09551865287786
306,1.2645997572695948,3.036678904541392
307,0.8449233345401705,0.765847130557138
308,1.395966711361026,1.0827863456816065
309,0.7505152423431485,1.2489732822800277
310,0.7162571736438154,0.9670683185427595
311,1.5204315956654662,2.6063525511683974
312,0.8636214736429664,1.2597057601874178
313,0.6647197335254853,0.7309249999798579
314,0.6831979167100368,0.619612954574192
315,0.7841718688537148,0.7458014185548817
316,0.7986816588053309,1.29791346200539
317,0.5747150276485984,0.9616557081503989
318,0.9037419238074986,1.2589742884597737
319,0.7872537487648972,0.9645072491612552
320,0.760130098329201,1.4100774689392863
321,0.8420172324660669,1.8179016321462513
322,0.779364791173202,2.082357284376075
323,0.7978339902166862,1.1939024193816654
324,0.727861506361311,1.3547530550062263
325,0.6184011061608876,1.1065926455501212
326,0.759100940935123,1.0204821925468281
327,0.8529648824037628,0.883953976873153
328,0.7655080591281396,0.8964357551238384
329,0.7847845168615944,1.0545912086029496
330,0.782550580420621,1.3819026873024618
331,0.6680441890037097,0.6871623453489153
332,0.7433246734791075,1.1241642838665347
333,0.6294346673475206,0.7165855507396157
334,0.9846678270916895,0.8379360035877264
335,0.6647118947806707,0.8854118185352757
336,0.7639750614258214,0.9050421136484138
337,0.6895058861775201,0.6794332468603457
338,0.7973660711799817,1.1051117988510708
339,0.8016098599834254,1.808509744894359
340,0.7477118278929913,0.7387613457725573
341,0.6613242002431539,0.9906560236589388
342,0.9424409862440375,1.1333555726488054
343,1.1403526514913962,1.405478040414183
344,0.7230928005801636,0.7342786552166627
345,0.6995922856031289,0.8004596447263248
346,0.5915762244774729,0.8899294645116596
347,0.7947300446582106,1.052021217317221
348,0.6682433749343635,0.7852219881687541
349,0.5413841878585008,0.631708694375728
350,0.7200216515357177,0.8631798921346454
351,0.7219214047656761,1.1694596430190423
352,0.8329494707682243,1.0721838120609073
353,0.623000505250914,0.6191975071126028
354,0.6971622524161661,0.9088218105118565
355,0.930634956416823,1.6644471309867288
356,0.91381737966498,0.8809823272224448
357,0.7526083586823078,0.9897609677081982
358,0.5695255181467039,0.7360065215112735
359,0.7253577755403234,0.6969570396845315
360,0.6976670800591784,0.9595336579717286
361,0.8287102649264557,0.8883127959568375
362,0.8879082794677517,1.1204747685966687
363,0.7828900670428443,0.876310018244643
364,0.7262266657921441,0.8917792293216267
365,0.6148516341768328,0.767088419658339
366,0.8259787296567886,0.9717052038658431
367,0.7083365738259289,0.7023436423674848
368,0.7770096491042322,0.7826671591175578
369,0.7123887653708754,0.93628773622361
370,0.5248026092600397,0.7022900714538642
371,0.623932180518093,0.8227053937840096
372,0.6350277352999533,0.806924233792917
373,0.7559762600104454,0.7004303293804295
374,0.8140584955206545,1.3076114452147451
375,0.7156071788866205,0.95125535295683
376,0.5835770153154589,0.6296356429230732
377,0.6210598995093599,0.8203813514669769
378,0.7146506544571682,0.9286489219585274
379,0.6755452039172565,0.7636054327301307
380,0.664933704517939,0.9552581426765094
381,0.7386309223264382,0.8203734063172803
382,0.7414963643073733,0.8280961551783228
383,0.7049428946678147,0.9651172819803759
384,0.9505663260996826,1.290793138567606
385,0.6784709262101869,0.7425690106770624
386,0.8477556291766497,1.0115166830701185
387,1.692578555159264,1.4995972474820718
388,0.6094468232453636,0.7077330666621992
389,0.6752778546499498,0.89649157894538
390,0.7733963507240287,0.8639156061812922
391,0.6156114372267272,0.7032510441411401
392,0.8260950531885218,1.0779097086888632
393,0.7279805823678188,0.757337390543823
394,0.706478295313514,0.7923398101079626
395,0.7872040954430854,1.2829455832940746
396,0.7332847884438962,0.9275545671896752
397,0.7258416146047876,0.8224216342518893
398,0.6951762238607295,0.8405445294612479
399,0.7400444776153912,0.8889243268005712
400,0.6589686415403166,0.8528466475234339
401,0.48352326681388447,0.7048434004545503
402,0.8217853214627378,0.9054378392562384
403,0.6885623023412253,0.71700976628928
404,0.975566339738335,0.7596146942454158
405,1.1373578760889065,3.186331343291753
406,0.7024151761581106,1.0140717776623505
407,0.6908211700700881,1.0322123370704053
408,0.6679619319961567,0.8058052052702491
409,0.7290486660403632,0.9745253355440311
410,0.616502979322588,0.7368003498149969
411,0.7048448390396467,0.868225816938503
412,0.6280993287057293,0.7239999275835516
413,0.808415583994226,0.9910746426604253
414,0.6629360736560176,0.9349726632806616
415,0.6747252034434479,0.7495274684409663
416,0.5641852162838578,0.8327648398698562
417,0.6893826380314485,1.048467382647277
418,0.802484496722315,0.9873338767271347
419,0.6770354336506766,0.6844507131022479
420,0.532272076405619,0.6792859611415297
421,0.6750685833771829,0.7143609049430996
422,0.8027915045500542,0.6855670535409885
423,0.5628529659842035,0.5551920915161553
424,1.0108697074773927,1.100647814406921
425,0.6878434419108228,0.8252447393437947
426,0.7993531859339321,0.8830273571039351
427,0.7736286714530326,0.9261887651169307
428,0.7901306067205454,0.8371300623636193
429,0.5390901734134799,0.6203042677955043
430,0.6004678082861177,0.8313003950727622
431,0.7516515367048622,0.8079863778512628
432,0.7819645483950166,0.813584927957892
433,0.7104411003697941,1.2251526224301683
434,0.8491837026566691,1.1225202100717924
435,0.786050124782355,0.9781302384724304
436,0.6044249283180874,0.8028008610189816
437,0.6016413975327854,0.6475632397913001
438,0.8552127032949679,0.9427596795845613
439,0.6080968400511908,0.6755797472241344
440,0.5471550407476466,0.7125968309778777
441,0.7041077808546269,0.8445751165673008
442,0.7032811675024309,0.8292030198544535
443,0.7955584468905936,0.9719324477617595
444,0.7464397830440673,0.8759928882968198
445,0.8460214234675227,0.9946729348772254
446,0.7091234344717068,0.9286064182288583
447,0.8743245043312295,0.8840656700970584
448,0.8713560057136454,0.9875783357479055
449,0.7251393769706226,0.7781197575331269
450,0.845128575178592,0.9175325852058501
451,0.7284119587378466,1.1168569068909902
452,0.7983246661070826,1.6855067991537176
453,0.7745366264546065,1.0168617117070005
454,0.6515160868786449,0.7885849166800081
455,0.5885194639981306,0.7108688454162252
456,0.5820280204088653,0.8411487075591078
457,0.7943172250411579,0.8357066877569852
458,0.662974238106375,0.7399449637467408
459,0.7502676118240229,0.8144040554290918
460,0.7309858651327521,0.6783926910889847
461,0.6629589747909082,0.8502759809125999
462,0.6279073541429232,0.7906434237548192
463,0.7194483058367681,0.9992242433550718
464,0.6871544549164651,0.7515041670758924
465,0.664840744888378,0.837628982572192
466,0.7948866540749071,0.9955308714553888
467,0.7926940974969537,1.0788121570905274
468,0.7786097965590358,1.3082128391969605
469,0.7088589871291304,0.8498148530483625
470,0.785340139962801,0.8791885787983652
471,0.9717791996615612,1.6555473090324797
472,0.7534012570587258,1.0165050254371846
473,0.5475612506356501,0.7102076510177953
474,0.7149807405855956,0.8012422380510771
475,0.7080282456460196,0.7504187988593264
476,0.6257882008805467,0.8093536756110922
477,0.5997962513904653,0.7545996550353691
478,0.7042111212164764,0.9613959876723364
479,0.6571045258328587,0.8233487977472889
480,0.7573072599777592,0.6430650635241163
481,0.6299829936349675,0.7214075318927011
482,0.7691754969878665,0.886474360174444
483,0.6631786962300801,0.7303030947897227
484,0.8292499735876324,1.3547993979612698
485,0.991299156976172,1.1925087753325783
486,0.8215403511737998,1.034269762330454
487,0.6068369044679283,0.7555683026636868
488,0.8235218859583726,0.9072817873401694
489,0.5224701883287819,0.7260194148737459
490,0.5895031500147014,0.7388272357080778
491,1.0497413519789842,1.3567856371142508
492,0.6533590521202435,0.9102052938102745
493,0.7625375925877673,0.8862869778162032
494,0.6803709493176197,0.8820758220064423
495,0.624766168529789,0.9035116451487124
496,0.7266397655178576,0.7380751621193129
497,0.6785218848007687,0.7510443415904335
498,0.7001529558605591,1.095799554523159
499,0.5400225082390525,0.6177327091418219
500,0.70429330261726,1.1454778812536366
501,0.7959505813031729,0.7856846199568661
502,0.6468034440872552,0.8611365652883134
503,0.45459518555766004,0.6200050590139825
504,0.6699512276804914,0.7031237341411639
505,0.645473287262708,0.7790538382749647
506,0.7423764046975923,0.781850705012344
507,0.7077336515240765,0.7214043654223015
508,0.7699818395344379,0.8077513330921156
509,0.6251580784865176,0.7114005534017636
510,0.6300997509416056,0.7416328788794287
511,0.5814928918476374,0.7002944067757588
512,0.6577951216000666,0.7162215009962246
513,0.6444494208154723,0.8624972761816183
514,0.7189941818582074,0.874972777099688
515,0.685997618399365,0.7564249268661023
516,0.6768127740900967,0.7189876450299639
517,0.7436829826174545,0.934400042492898
518,0.7961161725931483,2.3244824882321122
519,0.6778126985447637,0.9314348456922337
520,0.890964878590156,0.8980080963697242
521,0.9160618423537765,0.8539062614008148
522,0.708037198279786,0.965791186643649
523,0.6798457737114054,0.928559051324836
524,0.9053220408439242,0.983319769011192
525,0.7272742034295794,0.8987553290672973
526,0.7510567642691877,0.9812491537889967
527,0.862460446777729,1.0493026367297733
528,0.6052287335379976,0.736870627835818
529,0.7684850755484278,0.8142273627063376
530,0.7161469259736064,0.8231419294233422
531,0.586083479180143,0.7687971676723411
532,0.7030459627124535,0.8093351174077346
533,0.6348601200201096,0.7950872646805824
534,0.7133192177058792,0.7362705744644581
535,0.5619114942826674,0.6993204060478129
536,0.7841933596275671,0.8190483014146603
537,0.7967603456349325,0.8108016653930836
538,0.7038599178524565,0.7600405051361852
539,0.6559972375806102,1.041124876671826
540,0.5959325658438808,0.8090393294347411
541,0.6132112154331092,0.682515404176929
542,0.9335022288296735,1.3642701488498137
543,0.6417947575105171,0.7713273263783309
544,0.7582751655753984,1.0925153189923207
545,0.7402822969847764,0.9768251412812619
546,0.854409674099472,0.9700701742301441
547,0.7840815168865767,0.8823256848280521
548,0.6978642384844025,0.7461935368867604
549,0.6647397485132869,0.7174375461880851
550,0.6686432233019612,0.8438229102523922
551,0.6676030736454241,0.8090118499897356
552,0.6423926150595943,0.7627805747067251
553,0.8501569314644113,0.984405976975822
554,0.7185947852991563,0.6129044811554698
555,0.6970030592377987,0.968074829476534
556,0.5834657952751177,0.6824026597235726
557,0.699372371946821,0.6455603608073917
558,0.6488135117228553,0.662909178429947
559,0.7024066840901151,0.7838012213976807
560,0.6534120208575249,0.7395894873517533
561,0.6947108134577213,0.7970338350476524
562,0.7080817025152626,0.8627416610247352
563,0.645714837396872,0.8317941904424915
564,0.5961339080280289,0.8074576265992484
565,0.9991043913872453,2.4789837524138427
566,0.8588253435096429,0.9609994329455637
567,0.6139917386017522,0.8296145666875192
568,0.634778774517222,0.8334606226759846
569,0.7059624190862313,0.6753774714781038
570,0.7271111279746298,0.9335816290278369
571,0.8804196892707414,0.8485366753158665
572,0.7026596062995165,1.825899936783676
573,0.6092604164221902,0.7709329584262361
574,0.506523922144159,0.8569306822286691
575,0.6570016980346995,0.9619677159946838
576,0.8703436849210444,1.8582429775772071
577,0.6355965347645495,0.9837534413302065
578,0.6735993768535873,1.3335765316881005
579,0.6978003653128882,0.7104140299319817
580,0.6826437543343177,0.664980291152777
581,0.992690079415635,1.8159903943481683
582,0.6512989894587868,0.8473969147853375
583,0.6433158977800042,0.6586577790687212
584,0.6230295110527824,0.869049375467198
585,0.8245573548234211,0.7342551922524436
586,0.86761698265715,1.2909549851519804
587,0.9103291079195757,2.5635910292407793
588,0.6480485618324459,0.971223429150927
589,0.8254724403357743,0.9393133001302489
590,0.9542180224019001,1.6753670477462355
591,0.7303488081174594,0.7396751072800444
592,0.7921693367229292,1.0217050115935016
593,0.6453650936897295,1.3435707609421137
594,0.8397272029566636,1.127955345614771
595,0.7645085163987284,0.9659089018598631
596,0.7454446108882749,1.3372307311121916
597,0.7025793589776519,0.87808759566205
598,0.8830126534203415,1.0821340670354047
599,0.9651523631124834,2.3881422905160425
600,0.6760374559701233,1.320244986648408
601,0.8261277306613728,0.896142298046072
602,0.8617965866252351,1.8475243185183017
603,0.7701460093256853,1.1563524277565995
604,0.7971622822063744,1.2458302189325507
605,0.7621637142212512,0.9926958407904036
606,0.8077149889697592,0.6922315236943055
607,0.773757177108281,1.1164320604558329
608,0.6082968114904654,0.6935639791276048
609,0.9382646863890658,1.148526288742716
610,0.6867031487255013,0.87630038907034
611,0.6308823562899935,1.0438341846182815
612,0.6821289538523747,1.0700340764721143
613,0.6890355847352416,1.0908147246024482
614,0.8048767820500722,0.7556586407348214
615,0.6237471150128584,0.5862759247052943
616,0.6664800986198638,1.0771623867009252
617,0.7716798341909588,1.0637159042738795
618,0.8443474857976749,1.3644558583700857
619,0.787395174034321,1.019418428778447
620,0.6145181079849719,0.8959368344629168
621,0.6185995577335042,0.935747225506524
622,0.538993006429121,0.8938293910698323
623,0.6746571806039734,1.222214090339404
624,0.7880167775878023,1.1706706771680604
625,0.8294068694392225,1.5161735003467354
626,0.6120260172820127,0.8152072092370825
627,0.8900972784784178,1.4932502173419229
628,0.8590383823099796,1.1858656928068623
629,1.1015389915083174,2.0790547288556285
630,0.5819591640530237,0.9937800480313781
631,0.9840091485718825,1.5084746031940883
632,0.6492408185547878,1.0263534701603882
633,0.5015640664288372,0.7203035059942684
634,0.5239507878807353,0.8622615997466444
635,0.6407842905905512,0.9593627307305077
636,0.6657293527918499,0.9637934690747543
637,0.6712816325973798,1.0802805970191751
638,0.955682130529514,1.629303557504079
639,0.6084566480384266,0.7406458323049823
640,0.9554781806778352,1.9028955395125642
641,0.5415651788655367,0.7588843033021546
642,0.6730731287057554,0.921933437038178
643,0.7692053972678189,0.9060633920817858
644,0.5136519619207023,0.7367588223745152
645,0.708319254572439,1.0656625289966186
646,0.6503084066571942,0.8196772055579491
647,0.577791166238345,0.9010058192032964
648,0.6249522069547959,1.1214106889169417
649,0.8412576941030334,0.9967013845778627
650,0.6484406126594571,0.620539735378099
651,0.7623667359319899,0.8561914618586517
652,0.6789646034704994,0.8148239350031683
653,0.629859114383493,0.8867084417655582
654,0.8851733386467242,1.0564836676648497
655,0.6153447103973138,0.9539176737863948
656,0.6955117952074583,0.8758023160397219
657,0.5953829188218117,0.884671194747765
658,0.6259106621539403,0.8421071055483678
659,2.0332097662697235,2.101857551803705
660,0.5943663622890885,0.6794378375029702
661,0.6211752841638889,0.6938165806045647
662,0.7024450780588829,1.077446763779358
663,0.6731364055594307,0.8850169197480935
664,0.9052829844053214,1.6587536436213655
665,0.6259906761531313,0.8355870447343827
666,0.544077504721644,0.9007787534085367
667,0.6705070174261583,0.7825438447629847
668,0.6130478666740448,0.899314054172288
669,0.6325152077550346,0.9752612251736578
670,0.9721525097851182,1.2887131228569404
671,0.6392318199018479,0.8805421438877459
672,0.575858447130136,0.789680545865606
673,0.6184392257152662,0.8567608408574352
674,0.6744152984769585,0.8384145936292594
675,0.7122676784012949,0.9430647219822081
676,0.5750165132763765,0.8354247038832507
677,0.5165461104212288,0.8277161751707173
678,0.633910814375219,0.8914920130195634
679,0.6678428812702037,0.8241019728540593
680,0.577618561333711,0.7344947761554773
681,0.7416343443572913,0.9822687081943977
682,0.637288746067744,1.055483573201436
683,0.5850938686021581,0.7477374036693143
684,0.72960707821104,0.9776954573818964
685,0.598667435822672,0.7777055812869078
686,0.5655848981262268,0.8679891812081579
687,0.566076275789067,0.6506750468332116
688,0.4975849565850178,0.788620600082504
689,0.5695586030006539,0.7949884400991967
690,0.6993152107495129,0.9786715359532594
691,0.6344065999336517,0.9062687414316526
692,0.6384791794375837,0.8411842220082777
693,0.6049505821593391,0.9378420127113901
694,1.0084912178624432,1.6670090442441698
695,0.6045810812195579,0.738976599753396
696,0.571744021698182,0.8268343332336029
697,0.6469246702562178,1.0206982340028228
698,0.726285108813653,0.8662196869840754
699,0.7513724934403361,1.2294310988311117
700,0.5728108640055342,0.8301702579090038
701,0.5902758818550191,0.8027471226318807
702,0.640181167383947,0.8205420438190161
703,0.5738141886463697,0.7485301584813973
704,0.8263076757588765,1.2321155253210714
705,0.6561124970452907,0.8317477060286361
706,0.8193881404966439,1.2028536184474927
707,0.7469372927997688,0.9556956765516094
708,1.063553949447308,1.5755381904624115
709,0.6319782040456718,0.9854544819584424
710,0.5699516502690586,0.7279105061214399
711,0.7001849837272611,1.0507714389681237
712,0.6710558985541413,0.9347376861501537
713,0.9870877018385773,1.1210924915809484
714,1.067073385969837,2.187882859654355
715,0.6368952238790622,1.006876657855523
716,0.5334963707766354,0.8950335718417611
717,0.6650393974352931,0.9954225075054228
718,0.6581690712585508,0.8920745996918458
719,0.6958015349412645,1.052590917177672
720,0.7740423209998433,1.0026961617991752
721,0.5887640655944688,0.7791855164797911
722,0.7903917749824843,1.005323713267301
723,0.6893122810760177,1.4672867305995858
724,0.7130074889953992,0.857811232636492
725,0.6651113587020094,0.8759318536943925
726,0.602263933004053,0.8503641954649506
727,0.5569100764084933,0.7533213814945674
728,0.8255886949027742,1.451296090317994
729,0.5197063658651028,0.6545234796210686
730,0.6562252274321652,0.9202745283456284
731,0.612617403747166,0.9170270464542996
732,0.5833916313398995,0.7646203352823348
733,0.7000387220484112,0.8647416929997017
734,0.585495291348547,0.7619373312545963
735,0.6036276328675305,0.8546169120455769
736,0.5927519175964491,0.7603113060816669
737,1.1697061362040984,1.4198700137192648
738,0.8709140487051548,1.2460280844164724
739,0.5667792731792649,0.763145145851903
740,0.7143689605549896,0.847294896967582
741,0.5316168921550498,0.710270876329343
742,0.6439594469313901,0.8117015873395805
743,0.5440385741732499,0.8891423774459568
744,0.5655990795269734,0.7562639026507503
745,0.5149067504359294,0.6775059621432775
746,0.5832789780079278,0.9573563629600843
747,0.6631631110787237,0.7941183995029713
748,0.6098446546719196,0.8293218995628626
749,0.7477427043144083,1.1843802418431018
750,0.6738070249759325,1.1173181952984779
751,0.777032006547905,1.0926334204376147
752,0.7768800017494046,0.944093973258304
753,0.9292598085711383,1.0869533497967399
754,0.8396852336068543,1.4196669665616395
755,0.6942734439527374,0.884210322944367
756,0.7388602875249399,1.1169572575193065
757,0.6240254564639971,0.9708585035706105
758,0.6832654638737958,0.9798794290262314
759,0.6946875843881936,0.9208352507706699
760,0.7404712836549688,0.9952017598163254
761,1.0428092677528735,2.0444590608751536
762,0.6962034687329308,1.304227007736722
763,0.6276661411400802,0.8097178951222777
764,0.71875221767505,0.8629885844829618
765,0.6322471101798008,0.9384622990052915
766,0.7771232882238229,0.9883913369732109
767,0.5118578223121902,0.6191406728526905
768,1.1700142244318534,2.3637704867124514
769,0.565245097990974,0.7801013261974121
770,0.5906493707569838,0.8771198797440272
771,0.6250788387159473,0.8466540318358353
772,0.530073731281851,0.762010660980041
773,0.6132985947529204,0.7721286531763278
774,0.5909833311928665,0.9957461943758694
775,0.6716354587840165,1.0873798981100946
776,0.5624655708542493,0.7740606721984982
777,0.7870849090925813,1.147905744484222
778,0.5789287099881193,0.6697483559108636
779,0.714567500583998,0.7568941667607132
780,0.8771559477728135,1.2413237546861677
781,0.5447532317009532,0.8020817204575955
782,0.5043530307604085,0.6621931675369136
783,0.8045907290224608,1.0170063001356076
784,0.786638674818488,1.1237409920649675
785,0.6341448514194161,0.7875437638292939
786,0.5621060464791952,0.7457983286153433
787,0.6675633821292816,0.7630374677975735
788,0.7337378372773622,0.9431694987136212
789,0.5850754912129068,0.939791646053846
790,0.6352685219134033,0.8298919306474027
791,0.6124363571395106,0.7744664889216333
792,0.6074602431467321,0.791787941353175
793,0.5533020251564518,0.9361354514072366
794,0.5519676997841427,0.6686897104725243
795,0.6384009284806705,0.8184733020148454
796,0.7425820299312773,0.8567144216268533
797,0.8582876501703256,1.1356189718542322
798,0.6421641033557245,0.9650937269502904
799,0.5980681740875394,0.8345409612181205
800,0.6601275435974234,0.9966248940891064
801,0.712455339314354,0.8601884039299494
802,0.6353847376606517,0.9159051751675055
803,0.6220828975520523,0.9620412196005268
804,0.8611503913261189,1.1337573038191109
805,0.5907134363400676,0.8098567514314801
806,0.6501740152966444,0.8306630477589287
807,0.7504330604115799,1.0896806655468159
808,0.5899428459239153,0.8119929672484321
809,0.5412991528097997,0.8035162374262151
810,0.5373693225015463,1.0178912270837006
811,1.4285828047333695,1.5305711919386766
812,0.7981297394594963,1.2207471396354457
813,0.46334257403003914,0.6463894978781104
814,0.6686146477790823,0.8595227097559244
815,0.7677963126701999,0.9780735443410464
816,0.8354441902031933,1.3641506950408906
817,0.7571743500039716,1.3424657533230837
818,0.8750653443664065,1.183872865927631
819,0.6463538947630914,0.6829482044106684
820,0.9710740038512045,1.155292059828386
821,0.7000931904599099,0.797123937344996
822,0.7154504012038665,0.9680229274932973
823,0.5602553836186535,0.7691836896066843
824,0.594215571835063,0.6952982870471953
825,0.6505407114301773,0.8916425825436521
826,0.7128013025748321,1.1090399859821396
827,0.6874295080509767,1.0602533064375181
828,0.6386608864627756,1.0558667733445612
829,0.7753280557235681,0.9653461795355827
830,0.668252948234942,0.9296143053928511
831,0.8265909054889209,1.0836602094710304
832,0.6672099437729707,0.8861603709858228
833,0.5646890342007482,0.9313848414369734
834,0.629522496138142,0.7874105988437567
835,0.7410511423542601,0.8311474925161366
836,0.6267494148697279,0.833444144021245
837,0.6619420266746074,0.9003662258542178
838,0.8712873490538406,1.0017148731736323
839,0.6529805227477795,1.1023751558069863
840,0.9527007539894576,1.4110360981184997
841,0.6546159450503397,0.8738687518639747
842,0.7212416242579858,0.9719233752097227
843,0.6821664833058055,0.9244227412018236
844,0.5796021386984689,0.7692069201645404
845,1.1256548276850882,1.413642662995041
846,0.5167098939547726,0.7536963336400783
847,0.9820689020545101,1.206504265227696
848,0.6620812484928822,0.9098562528620633
849,0.5706600359894378,0.6792052548374293
850,0.6132705911106705,0.9302010420868814
851,1.7652421817701076,1.820143043117687
852,0.7663709818489121,0.9259169142509334
853,0.4923098561485205,0.7737190175605433
854,0.708773559533298,1.4572325390019238
855,0.5981793059646093,0.7303584981262201
856,0.8136124594864225,0.9260107508600189
857,0.5482043306547995,0.6942894043685229
858,0.5787156307468866,0.7733509325914629
859,0.775908135454346,1.0477536434684702
860,0.6822715042391545,0.7667121249724835
861,0.5705129454341922,0.7716944483850231
862,0.6236501511183699,0.8074607469321347
863,0.8150485327228949,1.026510581352188
864,0.5408045473703645,0.9004785748366335
865,0.7101314333727158,0.8247456495572751
866,0.5178532648350442,0.6809997641249113
867,0.5258667745330997,0.7311658239831736
868,0.6187940702364534,0.7724689750344129
869,0.6018909959054717,0.6370364924657009
870,0.5733043505112199,0.9345964002981304
871,0.6464956710164336,0.8702732950982477
872,0.6307344463436694,1.011055024714072
873,0.6140895365469572,0.8972360428461792
874,0.5123948806749976,0.7425420135990191
875,0.5944854838165334,0.8811145921725425
876,0.6345296198933296,0.8995508741667484
877,0.6812079682973341,0.9108861391377419
878,0.7169512619989704,0.9072018676362477
879,0.7595350303444762,0.9675832965725355
880,0.544202059339418,0.7635504847400143
881,0.5527541374384846,1.0879816050478974
882,0.5594796313502239,0.7547447938107756
883,0.5341276769439389,0.7252620742251903
884,0.7706805150964868,1.1756685053298952
885,0.520586048079412,0.9884676498642309
886,0.652816257969807,0.8742848408840485
887,0.7773636292560271,1.3857773564069373
888,0.7049807225859452,0.9737047253001659
889,0.5908983896651113,0.9468842214341937
890,0.8832056640742734,1.575209176162874
891,0.7667558137034278,0.893762436035072
892,0.7565466038233652,1.123972760234012
893,0.5763487312785442,0.6443237151893768
894,0.7731529374585369,1.0546973480738566
895,0.7140713699928286,0.8825048819608976
896,0.6489279000830565,0.9344323710338687
897,0.6398221146889181,0.8514878660959246
898,0.751527859232693,1.3327487234304618
899,0.7351639427673042,1.1178928505886063
900,0.8283109569862024,0.9514027333335439
901,1.2786119084950884,2.925539027050627
902,0.5820961847269129,0.8173030154071772
903,0.6684346464685247,0.9660709094439055
904,0.590633972444621,0.8431021128244052
905,0.6058916985758083,0.9661533839198824
906,1.2968930910339496,2.2617087089669123
907,1.1592031117134773,2.576406986277676
908,1.1479024264171833,2.2299207068829023
909,0.7268065137385061,0.9656463329909561
910,0.8373791243184616,1.0570494439982232
911,0.6147749282845134,0.8615769836975362
912,0.5015026768460356,0.7526473030083822
913,0.6465755759654209,1.0271962203630296
914,0.5531780669852107,0.6446218135669493
915,0.7212766503747147,1.0877834687301657
916,0.7730665988739747,1.0681104110435085
917,0.5992328580509825,0.9791199139469147
918,0.611997840727055,0.9357612072772654
919,0.7234741532035858,0.8918836987854368
920,0.8589423777936218,1.2501332420493396
921,0.6841696377439842,0.9827557638056196
922,0.7117905662247757,1.3640258006534873
923,0.7356045353862835,0.9548930491919814
924,0.6156455525286355,0.8512747531977738
925,0.667646864602813,0.9898473703104513
926,0.7195196640666356,1.125195038658894
927,0.629575197342068,0.6717303352168084
928,0.5900514765795188,1.0737382939918576
929,0.5998165500753239,0.7066348127915373
930,0.5310375564153522,0.9159612810921536
931,0.5358579761132878,0.7036374622898343
932,0.9362750280764438,1.3826039132474377
933,0.528234192800352,0.7869638654137796
934,0.4589038496452643,0.7833091871104935
935,0.5381804112746911,0.937378126800811
936,0.6087702861803781,1.0280338879363193
937,0.5655374817088089,0.9279370730198695
938,0.5449043322301792,0.741060469554617
939,0.6482602903812218,1.1694460275445133
940,0.5254814260877261,1.0937137405082957
941,0.5507191021013302,1.2875876411783787
942,0.44626373039456857,0.8917335573354
943,0.552964800027161,0.9734777476135564
944,0.7635218646754331,0.8166696388669157
945,0.7558523280681013,1.5165229904608564
946,0.4266080056779416,0.9021388600783133
947,0.821040136037309,1.1988360820892714
948,0.5451706104177718,0.8010494048283778
949,0.7673430653140678,1.263940522673486
950,0.5357363053182145,0.6526580372590012
951,0.6291564825955971,1.4556262996773728
952,0.6370687904538275,0.9149283499222275
953,0.676576598752427,0.9662593569046628
954,0.4709722319588291,0.6639990190412413
955,0.5688330784272402,0.8432545103872499
956,0.617381117685619,1.5725229729376509
957,0.5109101035082687,0.6458883460961441
958,0.8056470044150574,0.8932412903041789
959,0.5491466567385463,0.7538379109556663
960,0.6406653950134484,1.308583512926095
961,1.1736413329762627,1.7239644628434456
962,0.5231496823423503,0.9054029542074022
963,0.48652997763773465,1.413810480848785
964,0.43779999499764,0.6336151442518431
965,0.5296269267972383,1.0455234416965782
966,0.5519428384513486,0.8705269741440234
967,0.5147554960959005,0.7625475678819467
968,0.5361362789460291,0.7752354433154547
969,0.5119298787255891,0.7925536008946215
970,0.5773368067550713,0.7100478087071188
971,0.5808722216428382,0.992782629310495
972,0.6368734244920689,0.7955101451546289
973,0.5220072716055393,1.0279276938154935
974,0.5608278717198084,0.9597938868466355
975,0.5524145898446444,0.8528282604209135
976,0.8993763482087656,1.6125002443911751
977,0.4985700961219307,0.8883910220386415
978,0.5263134507342881,1.0158796252245523
979,0.7057442519448833,1.3201067856647044
980,0.6888716192235083,0.9626673271029849
981,0.5955179734148079,0.7089928843053678
982,0.6251888197925854,0.9154663962714928
983,0.684752557024498,1.0160762862123325
984,0.7228612342813794,0.9982045486705751
985,0.5215567236230647,1.0573684722225765
986,0.527735567308512,1.0112353064653066
987,0.5636881033208017,1.0603553856977115
988,0.44487117949763566,0.7044031347432842
989,0.6584342316460469,1.5243283940678514
990,0.5702811137482824,1.2093861773748602
991,0.5575262579141955,0.8090458729988859
992,0.4780446571163939,0.7804556716146283
993,0.4644568749180741,1.2184811596047647
994,0.5435333000266297,0.9680306901507948
995,0.5991611106805227,1.2323191073020887
996,0.5926760716833384,0.9283947712861871
997,0.6099872703667615,0.8977095449260436
998,0.47680457053322733,1.013108113254713
999,0.5812067459829453,0.7902991612269016
1000,0.7221369350324105,1.0025934108033268
1001,0.4729170847809375,0.8661417706588581
1002,0.4438889044634746,0.7740254428050624
1003,0.4272214125707977,0.6923458828208242
1004,0.6345999245573213,0.9141543645032979
1005,0.6186451334115948,1.4020534810218728
1006,0.47059401384382915,0.9122332756553793
1007,0.5605844260511194,1.2069808927499874
1008,0.6258648052566276,0.7053252976610844
1009,0.6428596594504835,1.2283924511315916
1010,0.5403687440702118,0.8495550237283755
1011,0.5810985571791785,0.8316743657702448
1012,0.6053208553996405,0.8263602728983197
1013,0.6903141507371335,0.976150575969289
1014,0.45158567262320776,0.7331090845252575
1015,0.5939303842692422,0.7887368430231082
1016,0.6533944860240064,1.280204828614159
1017,0.6531535270078046,1.1360357657836997
1018,0.8576714772793257,1.3244689877781188
1019,0.6335164940063726,0.7752433293035401
1020,0.6703987559662006,1.1928072677546921
1021,0.5227024850681699,0.7783714392748935
1022,0.7568038530808319,1.3441360524395622
1023,0.757063050527299,1.6211542637695755
1024,0.5181583163782945,0.9282466418453245
1025,0.48047896617281693,0.7173832392469293
1026,0.5350680118389055,0.7472129393574516
1027,0.5697884622076966,0.9468369741873561
1028,0.6580160308421152,0.9818944596020884
1029,0.5925799000281424,0.8415093816350881
1030,0.44778127291476133,0.7901617812886544
1031,0.5673042843770304,0.8028582581951724
1032,0.5834061610390824,0.8284263506192837
1033,0.6984953896311746,0.8639110545999552
1034,0.6672755736038689,0.8951882443077002
1035,0.6531096611628908,1.0530665142900324
1036,0.5750489123142524,0.7053651661763192
1037,0.6696024396020654,0.9073054372300557
1038,0.5863800171974611,0.8860004044394161
1039,0.631443635016789,1.1077261068565551
1040,0.7555156089396122,1.1433356795634677
1041,0.549390353418364,0.9935417084270572
1042,0.6069897637506023,1.2183615647632169
1043,0.5578523321535533,0.735410899573154
1044,0.43938457696180855,0.7029897906216135
1045,0.4507243513959719,0.7417221610522016
1046,0.6230166611077537,1.1279419572668496
1047,0.5249872650730207,0.7420290045114045
1048,0.5544110174829404,0.8167057409516112
1049,0.6096070001555216,1.1443774681645227
1050,0.6663813703367202,0.8858355076073845
1051,0.5719299259521795,0.777685179092823
1052,0.45592673350405455,0.6125402297925767
1053,0.5417958019160458,0.7674886531264373
1054,0.7387687723164402,0.8903097950200456
1055,0.6818849782146092,0.95948467666585
1056,0.7265623840453852,0.8191629038197198
1057,0.5608460436905374,0.612076818869864
1058,0.6297026209586264,0.8264985343494824
1059,0.6518524207193694,1.002024129122122
1060,0.547248438775894,0.8161066003836427
1061,0.6449414737023511,1.1307650966891907
1062,0.45305487809111367,0.7195362468589945
1063,0.6670829303878119,1.7338016519186183
1064,0.5050324500487453,0.8045397803248708
1065,0.48150522570079696,0.6819867112373487
1066,0.5239901596061965,0.8395509544995214
1067,0.6521135841848231,1.2883633624870132
1068,0.47600399605879345,0.6618905676806953
1069,0.7782577435494846,1.0873675278185901
1070,0.6125062156321213,0.7322836968330788
1071,0.8525660112759279,1.4691943728357724
1072,0.5760432345288953,0.9844986543575089
1073,0.4570752086355643,0.7044880109548578
1074,0.4536370436609905,0.6783673450463933
1075,0.8004513558868207,0.9639608999150946
1076,0.4833738213863392,0.773270124961497
1077,0.5614294587051833,0.8181318687646347
1078,0.6285464716120497,1.7314498628157797
1079,0.5599962475215604,0.7263794182017327
1080,0.6047851363302575,0.6319640292298417
1081,0.5537585320987964,1.0356311952924362
1082,0.41205420376785423,0.7658812395050476
1083,0.6492482302896121,0.8295701595909242
1084,0.6178811307467715,0.6899659716655855
1085,0.5658993685248467,0.7133644458597664
1086,0.5601725786273044,0.6804142553241481
1087,0.45560071843157635,0.7982147572927083
1088,0.6115108611912468,1.1333961049919608
1089,0.7232464348704858,1.3315833307519642
1090,1.007340367928803,0.9774091464542324
1091,0.6434930378329358,1.1859796035831123
1092,0.6451600855223439,1.4818756690099744
1093,0.543970718494221,0.7323235844540474
1094,0.6298762799340127,1.0665129963817552
1095,0.5925052395332981,1.1828897219885788
1096,0.7462400312924296,1.310607042888234
1097,0.6699902044636823,0.90979731922877
1098,0.6076680975634818,1.5494370864949711
1099,0.4215549439468757,0.7649185522113626
1100,0.5814658032047542,0.6274095076483036
1101,0.7349707019122469,0.7846598393661202
1102,0.6361179404969486,0.942260758280844
1103,0.6117826229204542,1.5199666734809463
1104,0.5489809867656725,1.148870522919895
1105,0.5609362064859789,0.78896798317219
1106,0.4515504738781293,0.6322326285608103
1107,0.4906220124147219,0.6856101221562924
1108,0.44589871993937635,0.6802328412206121
1109,0.521128511300247,0.8500661378457437
1110,0.4187762165093235,0.7230678067994778
1111,0.6680776750754293,1.3219924904203315
1112,0.5181317448370436,0.8900186558220404
1113,0.5963386168571234,0.8107359339737037
1114,0.46203821197774364,0.9415949292647495
1115,0.6668609180675644,1.3261084351471562
1116,0.534368150818186,0.6327802626570067
1117,0.47001150272797865,0.7944817102169026
1118,0.4740666718603903,0.6452176017779956
1119,0.6433534527185363,1.0158242225034897
1120,0.6968545659492005,0.9622213677932934
1121,0.5379130327450213,0.876252079787342
1122,0.6354431078508462,0.9142265087966495
1123,0.9063349771893525,1.1105012196622734
1124,0.6383289763042054,1.1161185171555381
1125,0.6335880612498652,0.807559290451515
1126,0.8060906651608704,1.1833461415686521
1127,0.556017509574074,0.7836349709495204
1128,0.5424833451215765,0.8050086866855286
1129,0.5748913498556468,1.2067098382971322
1130,0.6862952022303918,0.9004587962527923
1131,0.6239057962647303,0.9453262230175055
1132,0.6095593820718008,1.0072560711368015
1133,0.5413775281986726,0.6370978243579528
1134,0.5213171315862658,0.7234272206178796
1135,0.6641625538369322,0.8452196832081613
1136,0.404260567105933,0.6161339991110013
1137,0.6248985904925117,0.7276882144008481
1138,0.6190558375552325,0.7462910935874901
1139,0.5414638083211865,1.0730746143690522
1140,0.6138976704886385,0.955254916931485
1141,0.5406463527281566,1.1740517937265167
1142,0.6395260239107958,0.946865048804304
1143,0.554868316708217,0.6941633049643364
1144,0.536131613801039,0.7867765488511554
1145,0.5261892941817611,0.6372991208186258
1146,0.5286918667412241,0.690243396713041
1147,0.6295912525990719,0.7442400766565178
1148,0.6785680446238773,1.1925837473185943
1149,0.5921990818147933,0.8530307818987719
1150,0.5580236445533295,0.8296618805459007
1151,0.6642691703696667,0.8170635147440337
1152,0.7467916385486424,0.8675851055956736
1153,0.7300245975637853,2.163454375588184
1154,0.707864293024687,1.8213652032141996
1155,0.6310306259616066,1.10476189842398
1156,0.690010674163025,0.8722729212094071
1157,0.479928839241762,0.6614501932269745
1158,0.5175949178888445,1.1218087065379887
1159,0.4371917098647985,0.6423180145652639
1160,0.620594016737456,0.9067906928426326
1161,0.7000440787481598,1.2143625102680762
1162,0.6149952747258216,0.7213216491329194
1163,0.7171433321133742,0.7955694247002105
1164,0.5069285193499036,0.7266509185374243
1165,0.6180724623279936,0.8434277409649136
1166,0.5108548250817426,0.8173156920756063
1167,0.639199920178945,0.6852877564700981
1168,0.4301247983351984,0.736723090332001
1169,0.4263568425566113,0.7649000213874839
1170,0.6053757477867727,1.1397368994368153
1171,0.5490873617804025,0.8833682126033335
1172,0.4889902927147886,0.8245667565280851
1173,0.5756384856961372,0.9001905120145215
1174,0.6971057782487798,1.3627456090264993
1175,0.4862381508440545,0.7717247650758048
1176,0.5584291413243743,0.8709886187834124
1177,0.52644818279672,0.7712165471615541
1178,0.6266107301309927,1.108926260259938
1179,0.45955476353259744,0.6994367873132585
1180,0.4761599471249645,0.9696446796770481
1181,0.6051261687969387,0.9499075453812591
1182,0.5724623497000063,0.8466072405238254
1183,0.5354225735728573,0.9882436845894025
1184,0.6214381484805382,1.1707472198382263
1185,0.45505488532071814,0.5986808248234802
1186,0.6577627530739159,0.6804377462499412
1187,0.6021140019395488,0.7251831080331401
1188,0.5368700015305508,0.826427395930664
1189,0.5992406290628387,0.8258180545068745
1190,0.691868179020364,1.1047001056121237
1191,0.8091743423473461,1.9049598584218643
1192,0.6428251857693676,0.7121583290963694
1193,0.6014951117769971,1.087651399263378
1194,0.4846854709796639,0.8544824792710322
1195,0.787970925438398,0.9385333373932299
1196,0.5995862191115413,0.7854147463685104
1197,0.6139799483775044,0.8861016712826529
1198,0.5810945229289048,1.0358588761276963
1199,0.4857496162773641,0.949487518776921
1200,0.5088649086700822,0.8755186678730362
1201,0.5390068899067972,1.065657555714929
1202,0.6311199793689048,1.0550095924407428
1203,0.8569888324194599,2.9112694197243614
1204,0.47408780833330444,0.8424266135096116
1205,0.6715414236598689,1.3278716865799307
1206,0.4642367644531229,0.6443311082769363
1207,0.6193880772087894,1.3216989971495627
1208,0.589308280292707,0.8186228010732378
1209,0.469538066222191,0.6554539124427275
1210,0.496421582189179,0.9818534758279117
1211,0.6960997810070413,0.7972202947897348
1212,0.6250822634477757,0.9287588608792238
1213,0.7312446622574249,1.2550663801239437
1214,0.4942503850245844,0.8802642809167041
1215,0.4753363009230797,0.8023494609341522
1216,0.5611460305946399,0.9155413820473545
1217,1.0839965269433602,1.4154032961768084
1218,0.6151404670533989,0.7511966474463843
1219,0.8596805016968361,1.8792545615262575
1220,0.6080593182151228,0.8556796005097353
1221,0.4945020443398047,0.8362000718385305
1222,0.5234150562863069,0.922640780611033
1223,0.5126459100858867,0.6612274703343388
1224,0.48770700246168197,0.6761146621569318
1225,0.6781965377514683,0.91900503247341
1226,0.5394785176246364,0.9868137715501657
1227,0.6286902193828376,1.5106624453660036
1228,0.5126748970709365,0.825081448660973
1229,0.6293176566084082,0.8952076185010134
1230,0.47202777136752844,0.8591954754401216
1231,0.5482908061700894,0.9245547713216216
1232,0.5828407679101293,0.6882900818042158
1233,0.5514569194328613,1.0787287924202318
1234,0.5345244655893362,0.759391946883675
1235,0.6887882543155921,1.1099167474634433
