,Best chi2 value,Epoch,val
0,3.724221,28,8.408004
1,2.72972,28,4.641776
2,1.352957,27,1.30243
3,0.9529200000000001,28,1.26773
4,1.113039,28,1.7778599999999998
5,1.140287,28,1.239334
6,2.784437,27,4.683689
7,1.0630760000000001,28,1.550753
8,1.605153,28,3.237412
9,1.167446,28,2.0122869999999997
10,1.4104940000000001,28,1.079286
11,1.192407,27,1.3483399999999999
12,1.259898,28,1.1490719999999999
13,1.18208,28,1.19835
14,0.819994,28,1.2331
15,1.001617,13,0.794706
16,1.480906,28,1.3164559999999998
17,1.103201,28,1.342251
18,0.8830950000000001,28,0.785127
19,1.7247139999999999,28,2.5584919999999998
20,1.6084399999999999,28,2.242316
21,0.9871129999999999,28,1.8452369999999998
22,0.919475,27,0.934942
23,1.234853,28,1.511254
24,0.936509,18,1.297014
25,1.183071,28,1.6884880000000002
26,1.005083,27,1.334683
27,1.223783,28,1.8777840000000001
28,1.428706,28,2.666419
29,1.0350409999999999,28,1.0181
30,1.358999,27,1.875978
31,1.1501649999999999,28,1.511801
32,1.458081,28,2.4349119999999997
33,2.37702,28,5.1096330000000005
34,1.1350040000000001,17,2.0471060000000003
35,0.827068,25,0.830675
36,1.270518,28,1.358755
37,0.849814,25,1.138901
38,1.112374,16,1.44316
39,1.094718,28,1.179392
40,0.9278420000000001,28,0.785083
41,1.213547,28,1.454229
42,2.4452580000000004,28,3.9027199999999995
43,1.23072,28,1.103422
44,1.393642,28,1.493594
45,1.36396,27,0.994597
46,1.798052,28,3.175971
47,1.452038,28,1.9270040000000002
48,1.071175,28,1.612514
49,1.09724,28,1.681744
50,1.121513,28,1.6892349999999998
51,1.693286,28,2.088336
52,1.037965,28,0.9624530000000001
53,2.787889,28,4.549773
54,1.0379479999999999,14,1.052545
55,0.946873,27,1.211119
56,1.083892,27,1.646914
57,0.9555049999999999,26,1.087782
58,1.142843,28,2.016664
59,0.9749469999999999,20,0.6794979999999999
60,0.921064,28,1.4877799999999999
61,1.313122,28,1.730668
62,1.205631,26,1.179534
63,0.867419,27,1.356235
64,0.9348040000000001,28,1.1904629999999998
65,1.194885,28,1.616959
66,1.0715649999999999,28,2.031618
67,1.077213,28,1.5178180000000001
68,1.185567,28,1.487274
69,0.9750409999999999,27,1.15429
70,1.117905,28,1.0232809999999999
71,1.218666,28,1.633528
72,1.0453299999999999,18,1.112615
73,0.901475,28,1.159316
74,1.7114639999999999,28,2.70827
75,1.170196,28,1.9983389999999999
76,0.970557,16,1.620898
77,1.20836,24,0.688627
78,1.095509,22,1.508653
79,1.987527,28,1.429376
80,1.0033370000000001,23,1.462356
81,1.1523290000000002,28,1.8020720000000001
82,1.633049,28,1.848661
83,1.8762299999999998,28,3.035244
84,0.8787459999999999,27,1.083534
85,1.157672,28,1.226768
86,0.902766,27,1.316486
87,0.8352290000000001,28,1.8177759999999998
88,0.9350200000000001,28,1.283893
89,0.864468,28,1.144074
90,1.027798,28,1.374757
91,1.165553,28,1.589071
92,1.040418,23,0.766342
93,1.4112069999999999,28,2.114509
94,1.3979489999999999,27,1.6506040000000002
95,0.978794,28,1.417222
96,0.780889,28,1.4660790000000001
97,0.88718,28,0.9752559999999999
98,1.2511290000000002,16,1.610147
99,1.145477,28,1.334449
100,0.812467,28,1.266091
101,0.884267,17,1.3295
102,0.9997940000000001,22,1.278716
103,1.18792,23,1.414627
104,0.9323520000000001,28,1.104626
105,1.239262,28,1.336468
106,0.868251,28,1.2143700000000002
107,1.1437899999999999,28,1.9499419999999998
108,1.137214,28,0.925124
109,1.035636,28,1.3386069999999999
110,0.913118,25,1.255152
111,1.1920520000000001,28,1.303847
112,0.939308,28,1.1068870000000002
113,1.091857,28,1.3482
114,1.459774,28,1.561375
115,1.653456,21,1.2475
116,1.1382370000000002,28,1.0726959999999999
117,1.583143,28,2.177824
118,1.463273,27,1.518145
119,1.102842,27,0.922746
120,1.4826,28,1.929704
121,1.004731,22,1.270783
122,2.391828,27,2.494237
123,1.222197,28,1.210235
124,0.9162299999999999,28,1.672782
125,1.071223,25,1.698869
126,1.1595,27,1.590373
127,1.398942,28,2.168489
128,1.03312,28,0.974096
129,1.2342879999999998,28,1.208126
130,0.8589829999999999,22,1.441211
131,1.371846,28,1.4055739999999999
132,1.007462,24,1.239895
133,1.305941,27,0.8775649999999999
134,0.8501989999999999,26,1.1580629999999998
135,0.9999959999999999,28,1.937016
136,0.897975,19,1.390039
137,2.543,28,6.246282
138,1.006233,28,1.3488790000000002
139,0.9251790000000001,26,0.8781190000000001
140,1.097752,16,1.127831
141,0.9504459999999999,28,1.245441
142,1.210466,28,1.2617639999999999
143,1.159877,28,1.3853469999999999
144,1.300218,27,1.896571
145,0.9572129999999999,27,0.8245709999999999
146,0.906553,23,1.2193829999999999
147,0.9704440000000001,28,1.1437389999999998
148,1.077006,21,1.14704
149,0.909742,11,1.4060979999999998
150,1.486672,28,1.7432400000000001
151,0.9505309999999999,21,1.112132
152,0.842714,28,1.61456
153,1.7006240000000001,25,1.8736650000000001
154,1.244113,28,1.7327919999999999
155,1.139572,12,1.2108139999999998
156,1.143918,27,1.4914530000000001
157,2.145566,28,4.183619
158,0.816917,28,1.205665
159,1.057472,28,2.225932
160,1.1338290000000002,28,1.128735
161,1.090055,28,1.214106
162,1.0713979999999999,28,2.061897
163,1.101335,27,2.032987
164,1.1230149999999999,28,1.235342
165,1.174194,28,1.7688220000000001
166,1.720205,28,3.630894
167,1.003954,28,1.355237
168,1.683888,28,1.886889
169,1.009459,28,1.165384
170,1.060231,28,1.9232939999999998
171,1.048425,27,1.716493
172,1.01318,27,1.251916
173,1.0894190000000001,10,1.3389360000000001
174,1.020623,28,0.885918
175,1.099313,28,1.29411
176,1.30568,27,1.813116
177,1.6383370000000002,23,2.710198
178,0.9444309999999999,27,0.8464299999999999
179,0.9970030000000001,28,1.829263
180,0.964059,28,1.380541
181,0.857721,25,1.0270549999999998
182,0.961307,25,1.5285819999999999
183,1.214229,28,4.161023
184,0.887125,28,2.16882
185,0.8417620000000001,28,2.218887
186,1.038923,21,1.255225
187,1.3324770000000001,7,2.375844
188,0.9510860000000001,27,1.484756
189,1.040814,28,1.310901
190,1.071584,28,1.545518
191,0.956081,22,1.237754
192,0.8051729999999999,28,1.176037
193,0.8122149999999999,23,1.193093
194,0.9217069999999999,28,1.7987549999999999
195,1.069267,26,2.202941
196,1.235567,14,1.342927
197,0.899014,25,1.194684
198,0.824585,22,1.502775
199,0.771101,19,1.166827
200,0.965175,28,1.192093
201,0.865576,21,1.403241
202,1.010908,28,1.825192
203,0.9311709999999999,26,1.342314
204,0.90948,24,1.031635
205,0.8932379999999999,26,1.31539
206,1.0227959999999998,18,1.8044380000000002
207,0.9917459999999999,28,1.683156
208,0.828408,28,1.425383
209,0.777848,27,1.908133
210,1.01693,28,0.997092
211,0.9162889999999999,27,1.762204
212,2.156087,28,3.7175870000000004
213,1.001443,28,1.9141
214,0.8790379999999999,27,1.1203239999999999
215,0.9111739999999999,16,1.224624
216,0.9672790000000001,24,1.279876
217,0.888199,28,1.959148
218,1.061575,28,1.344588
219,0.9183309999999999,27,0.9116709999999999
220,1.048283,27,2.198655
221,1.059677,14,1.293636
222,0.9578059999999999,28,2.324478
223,1.255111,28,1.7385529999999998
224,0.979834,28,1.738688
225,0.916057,26,1.464022
226,0.945799,28,1.280475
227,0.9805969999999999,27,1.377369
228,1.014207,11,1.582785
229,0.9395690000000001,28,1.550568
230,0.9539280000000001,28,1.845695
231,1.155744,15,1.846839
232,0.9710549999999999,28,1.7134900000000002
233,0.8498690000000001,27,1.538165
234,1.047899,28,2.135113
235,1.7301220000000002,27,2.6051509999999998
236,1.00253,25,1.610466
237,0.8661209999999999,28,1.537963
238,0.9048700000000001,28,1.604868
239,1.1838440000000001,13,1.6434279999999999
240,0.9664229999999999,21,1.211601
241,0.923175,18,1.161704
242,0.938408,28,1.4925680000000001
243,0.911954,13,1.106878
244,0.8530280000000001,18,1.70485
245,1.032186,14,1.9210310000000002
246,1.049952,28,1.610602
247,0.917955,28,1.4603059999999999
248,1.095071,19,1.9247919999999998
249,1.001501,27,2.0766869999999997
250,1.0986559999999999,28,1.6045129999999999
251,0.9090360000000001,28,1.120301
252,1.174703,28,1.502889
253,1.060726,22,1.424495
254,0.9403790000000001,25,1.1555959999999998
255,0.8866280000000001,28,1.500137
256,1.1191719999999998,28,1.017827
257,1.365993,28,1.5471219999999999
258,0.858074,28,1.544632
259,1.044311,28,2.132879
260,0.999872,24,1.502493
261,1.0174450000000002,24,1.280719
262,0.776083,24,1.383246
263,0.83189,24,0.988593
264,1.3081040000000002,22,2.024956
265,1.3971040000000001,11,1.229482
266,1.417353,26,2.08189
267,0.9604440000000001,28,1.395294
268,1.209068,28,2.265239
269,0.93781,28,2.0215810000000003
270,0.9750469999999999,28,1.725901
271,0.9569610000000001,28,2.3596630000000003
272,0.8332139999999999,28,1.26502
273,0.9361139999999999,28,1.653676
274,1.157933,28,1.485867
275,1.121373,28,1.402228
276,0.9969549999999999,18,1.356007
277,1.1928729999999999,27,1.392142
278,0.9618110000000001,27,1.117626
279,0.797863,28,1.108848
280,0.956434,27,1.4755610000000001
281,0.895652,28,1.062697
282,0.747927,21,0.994497
283,0.938061,28,2.0554200000000002
284,0.975748,28,1.329926
285,1.064926,22,2.464009
286,1.363423,20,1.385522
287,0.8799620000000001,11,1.134971
288,1.0404120000000001,28,1.7026580000000002
289,1.065024,28,1.7735459999999998
290,1.4053799999999999,28,1.449134
291,1.0564280000000001,13,1.394533
292,1.000165,16,1.056064
293,0.9274309999999999,28,1.1174870000000001
294,1.0995059999999999,23,1.47294
295,0.873519,27,1.76909
296,1.0622790000000002,27,1.049866
297,1.132259,26,2.284188
298,0.81019,27,1.1413360000000001
299,1.167541,28,1.368683
300,0.9568139999999999,28,1.081974
301,1.5270350000000001,28,1.8055459999999999
302,1.019031,7,1.43997
303,0.8408620000000001,24,1.151348
304,1.098444,28,1.169913
305,1.02519,28,2.191859
306,1.236579,28,1.418505
307,1.074904,27,1.713799
308,1.604832,15,1.560098
309,1.026385,28,2.333145
310,1.273432,23,1.7248919999999999
311,1.404334,28,2.204138
312,1.213251,27,1.7815450000000002
313,0.893084,27,1.519882
314,1.097007,21,1.1557309999999998
315,1.6075629999999999,28,1.29761
316,0.9626620000000001,28,1.43421
317,0.976067,28,1.236644
318,1.0541969999999998,28,1.980275
319,1.021183,26,1.02796
320,1.204416,28,1.951472
321,0.968968,27,1.07481
322,0.9442139999999999,27,1.9415930000000001
323,0.789674,28,0.9876719999999999
324,1.046591,16,1.189122
325,0.9202299999999999,28,1.9556380000000002
326,0.912906,28,1.5625200000000001
327,0.9833790000000001,28,2.416677
328,1.484206,28,2.9688470000000002
329,0.952025,18,1.640952
330,0.8796809999999999,27,1.453379
331,1.04315,26,1.482481
332,1.113559,26,1.8554490000000001
333,0.890603,28,2.151247
334,1.2234180000000001,27,1.278925
335,0.8718870000000001,22,1.39376
336,0.80966,26,1.25452
337,0.817034,24,1.678288
338,0.997031,28,2.569085
339,1.154548,25,0.6164069999999999
340,1.064444,28,1.832944
341,1.109694,12,1.3490520000000001
342,1.1638600000000001,28,2.256189
343,0.9130969999999999,27,1.291999
344,0.778648,18,1.431465
345,0.994381,28,1.06057
346,0.9930100000000001,22,1.5302639999999998
347,0.9545299999999999,28,1.645988
348,0.897869,28,1.436973
349,1.071415,11,1.2223030000000001
350,0.756301,28,1.753463
351,0.7904479999999999,8,1.428208
352,1.017192,28,1.031802
353,0.96024,22,1.5359530000000001
354,0.866949,23,1.080976
355,0.809721,27,1.462668
356,0.939111,27,1.208104
357,2.774492,28,5.038575
358,2.053591,28,2.399943
359,1.076263,28,0.941868
360,1.1046129999999998,27,1.592969
361,1.065734,14,1.962502
362,0.9226340000000001,11,1.374435
363,0.905925,24,1.194509
364,1.157494,28,2.0998810000000003
365,1.406192,27,2.371581
366,1.094359,19,1.393657
367,0.810601,17,1.084493
368,0.8927790000000001,28,1.098425
369,0.723334,26,1.127873
370,0.826775,28,2.111933
371,1.1410360000000002,14,1.317875
372,0.94709,28,1.530684
373,0.855316,27,0.8537239999999999
374,1.164325,28,2.1528549999999997
375,1.739642,28,2.114951
376,1.0124600000000001,28,1.657593
377,1.3605120000000002,25,1.73437
378,1.078994,18,1.916295
379,1.094899,28,2.01483
380,0.99813,28,1.864257
381,1.0707280000000001,26,1.712534
382,1.012499,27,1.310799
383,0.9955620000000001,21,1.421707
384,0.9874040000000001,25,2.174417
385,1.088275,28,1.9218259999999998
386,0.8695510000000001,27,1.57566
387,0.912839,13,1.519717
388,1.764118,16,1.687973
389,1.041269,16,1.1643569999999999
390,1.148517,22,1.143276
391,0.910244,28,1.624694
392,0.80948,19,1.104355
393,0.806902,26,1.252576
394,0.983713,27,1.925282
395,0.846728,24,1.287872
396,1.246328,22,1.788941
397,0.866426,13,1.8104650000000002
398,0.806855,26,1.241187
399,1.0908280000000001,28,2.1101099999999997
400,1.091171,28,1.7397080000000003
401,1.152041,28,0.9317209999999999
402,1.0157399999999999,18,1.2119229999999999
403,0.828996,17,1.5601559999999999
404,0.999793,27,1.352652
405,0.9063610000000001,20,1.218844
406,0.823998,28,1.741839
407,1.1340219999999999,28,2.041878
408,0.871502,27,1.5110540000000001
409,1.122162,28,1.999036
410,1.137076,28,1.532559
411,1.017728,28,2.694109
412,0.9791559999999999,28,1.393974
413,1.057668,28,1.291507
414,0.9183290000000001,19,1.643825
415,0.9802620000000001,22,1.064465
416,0.860827,25,1.446854
417,0.8494459999999999,28,0.991245
418,0.8202360000000001,27,1.8993380000000002
419,0.9426479999999999,28,1.5158639999999999
420,0.894807,25,1.295827
421,0.82468,28,1.5316670000000001
422,0.928484,28,2.319416
423,0.980039,28,1.0746229999999999
424,2.049023,13,1.632887
425,0.9476680000000001,28,1.406561
426,0.929707,28,1.392643
427,1.274864,16,1.365227
428,0.857678,28,1.713064
429,1.220767,28,1.779737
430,1.0608600000000001,27,1.324724
431,0.876567,28,1.6641860000000002
432,1.077618,17,1.140355
433,1.1289870000000002,28,2.451261
434,1.0938780000000001,28,1.3719700000000001
435,0.9384870000000001,25,1.231494
436,1.000977,28,1.437693
437,1.662202,28,3.742896
438,1.106766,19,1.028951
439,1.221341,27,1.331882
440,0.951859,28,1.7017189999999998
441,0.846558,24,1.45876
442,0.996675,28,2.211423
443,0.906451,27,1.922725
444,0.8782479999999999,26,1.58701
445,1.438695,24,1.001551
446,0.9019870000000001,28,1.104917
447,1.036527,27,0.9810690000000001
448,2.0515,28,2.978966
449,1.410501,28,2.918993
450,0.9597530000000001,28,1.28704
451,1.0406440000000001,28,1.185792
452,1.1891770000000002,28,1.173329
453,1.1661190000000001,27,1.391608
454,0.846284,28,1.380584
455,1.129373,22,1.208186
456,1.0835620000000001,28,1.208591
457,0.9305049999999999,27,1.4898120000000001
458,1.320298,28,2.5407029999999997
459,0.984275,16,1.354042
460,0.742399,28,1.0244010000000001
461,1.180079,27,1.412253
462,0.7567,19,1.18821
463,1.51889,28,2.5976470000000003
464,1.066016,14,1.5354379999999999
465,2.73759,28,6.071261
466,2.130731,28,3.4273809999999996
467,1.5286440000000001,28,1.369435
468,1.02454,28,1.2298799999999999
469,1.288135,28,1.9856610000000001
470,0.823832,22,1.385486
471,1.070006,28,1.714286
472,3.712661,28,3.7088989999999997
473,1.124663,24,1.067531
474,1.09323,28,1.3212840000000001
475,0.8711,28,1.2577209999999999
476,1.022243,28,1.440707
477,1.380709,28,2.48069
478,1.1092899999999999,28,1.4001190000000001
479,1.0968200000000001,28,1.429196
480,0.891021,26,0.963094
481,1.002542,20,0.98236
482,1.40196,28,1.520505
483,0.7996479999999999,28,1.3984729999999999
484,1.2670489999999999,28,2.195785
485,2.879968,28,4.647163
486,1.0393299999999999,28,1.5521559999999999
487,0.9287790000000001,19,1.1335680000000001
488,0.9123629999999999,23,1.115509
489,1.551411,28,1.88683
490,2.345916,28,4.2430010000000005
491,0.849453,25,1.70019
492,1.505659,28,1.61153
493,0.9282159999999999,28,1.27446
494,1.175259,28,1.527938
495,1.0210110000000001,28,1.74752
496,1.22935,27,1.4749450000000002
497,1.198009,25,1.180325
498,1.223267,28,1.7584560000000002
499,1.319212,28,2.066677
