4.844844844844846399e-02
4.864864864864865135e-02
4.850450450450450451e-02
4.844844844844845011e-02
4.824824824824826275e-02
4.805605605605605540e-02
4.804804804804804763e-02
4.745545545545546556e-02
4.764764764764765209e-02
4.739939939939939728e-02
4.724724724724724267e-02
4.704704704704705531e-02
4.664664664664665283e-02
4.644644644644645159e-02
4.641441441441440663e-02
4.664664664664665283e-02
4.624624624624625036e-02
4.566966966966966995e-02
4.564564564564564664e-02
4.544544544544544540e-02
4.504504504504505680e-02
4.444444444444444614e-02
4.424424424424424490e-02
4.389989989989989683e-02
4.364364364364364812e-02
4.344344344344344688e-02
4.266666666666667218e-02
4.296296296296295281e-02
4.324324324324324564e-02
4.268268268268268079e-02
4.224224224224225333e-02
4.264264264264264193e-02
4.244244244244244069e-02
4.204204204204203821e-02
4.244244244244244069e-02
4.324324324324324564e-02
