5.189189189189190310e-02
5.168768768768769062e-02
5.172172172172171345e-02
5.654454454454454354e-02
6.571371371371373393e-02
6.426426426426425087e-02
6.254254254254254519e-02
5.665665665665665929e-02
5.394994994994995602e-02
5.285285285285284962e-02
5.305305305305305086e-02
5.705705705705705483e-02
6.241441441441441390e-02
6.686686686686688086e-02
7.455455455455456404e-02
8.155355355355356495e-02
8.674274274274273999e-02
9.266066066066065698e-02
9.889089089089091178e-02
1.001001001001001062e-01
1.001001001001001062e-01
