1.511511511511510857e-02
1.731731731731732393e-02
1.871871871871871873e-02
1.991991991991992964e-02
2.032032032032031477e-02
2.092092092092091848e-02
2.132132132132131749e-02
2.202202202202202530e-02
2.292292292292292047e-02
2.392392392392392667e-02
2.502502502502503001e-02
2.592592592592593906e-02
2.712712712712711527e-02
2.792792792792792023e-02
2.912912912912912419e-02
3.023023023023023101e-02
3.133133133133133436e-02
3.233233233233231974e-02
3.333333333333332593e-02
3.443443443443443275e-02
3.543543543543543894e-02
