2.782782782782783348e-02
2.782782782782783002e-02
2.934934934934934486e-02
3.203203203203203175e-02
3.383383383383384291e-02
3.603603603603604266e-02
3.763763763763764564e-02
3.983983983983983845e-02
4.134534534534535510e-02
4.362762762762761870e-02
4.504504504504505680e-02
4.684684684684684713e-02
4.824824824824824193e-02
4.920120120120119456e-02
5.037037037037037090e-02
5.077877877877877422e-02
5.092292292292291411e-02
5.159559559559560860e-02
5.265265265265266226e-02
5.325325325325325904e-02
5.418218218218218141e-02
