2.792792792792792023e-02
2.752752752752751775e-02
2.732732732732731998e-02
2.692692692692691403e-02
2.672672672672674055e-02
2.632632632632633807e-02
2.612612612612613683e-02
2.592592592592593906e-02
2.572572572572573088e-02
2.572572572572573088e-02
2.552552552552552964e-02
2.552552552552552964e-02
2.532532532532532840e-02
2.532532532532532840e-02
2.532532532532532840e-02
2.512512512512513063e-02
2.512512512512513063e-02
2.512512512512513063e-02
2.512512512512513063e-02
2.512512512512513063e-02
2.512512512512513063e-02
2.492492492492493286e-02
2.472472472472472815e-02
2.472472472472472815e-02
2.472472472472472815e-02
2.472472472472472815e-02
2.472472472472472815e-02
2.472472472472472815e-02
2.472472472472472815e-02
2.472472472472472815e-02
2.452452452452452691e-02
2.472472472472472815e-02
2.492492492492493286e-02
2.512512512512513063e-02
2.512512512512513063e-02
2.512512512512513063e-02
