8.248248248248248038e-02
7.678078078078079405e-02
7.079079079079075854e-02
6.397597597597597108e-02
6.006006006006006648e-02
5.725725725725726301e-02
5.525525525525525061e-02
5.565565565565565309e-02
5.705705705705706177e-02
5.810610610610612847e-02
5.967567567567569342e-02
6.286286286286285607e-02
6.246246246246246747e-02
6.149349349349348542e-02
6.052452452452451032e-02
5.965965965965966400e-02
5.885885885885887292e-02
5.685685685685686747e-02
5.583983983983982491e-02
5.425425425425425136e-02
5.305305305305305086e-02
5.334134134134134453e-02
5.525525525525526449e-02
5.840240240240238828e-02
5.725725725725724913e-02
5.945145145145144111e-02
6.194994994994994925e-02
6.626626626626623551e-02
7.007007007007007293e-02
7.387387387387388260e-02
7.749349349349350657e-02
8.301101101101099333e-02
8.208208208208209178e-02
8.668668668668669253e-02
8.780780780780782224e-02
9.173173173173171380e-02
