,"mean(0.1, 0.6)",x,"up(0.1, 0.6)","down(0.1, 0.6)","mean(0.1, 1.2)","up(0.1, 1.2)","down(0.1, 1.2)","mean(0.1, 2.0)","up(0.1, 2.0)","down(0.1, 2.0)","mean(1.0, 0.6)","up(1.0, 0.6)","down(1.0, 0.6)","mean(1.0, 1.2)","up(1.0, 1.2)","down(1.0, 1.2)","mean(1.0, 2.0)","up(1.0, 2.0)","down(1.0, 2.0)"
0,328.0893685249115,-100.0,537.5431785008232,233.18596561479822,512.7935119112892,1073.973533908414,235.4916932677006,136.5391119011846,693.8972684388131,50.783821723034166,8590.995801013943,10708.15695266261,6312.527945293988,11058.231578158233,14012.966197552734,8449.427246678251,9471.706218517424,15427.671752725471,6816.9384406370555
1,345.58548157578156,-97.97979797979798,545.0512013087132,246.83640908049833,512.7935119112892,1073.973533908414,235.49169326770064,152.8168659880288,721.276417868526,72.17046458310453,8961.031630648262,11035.575986605805,6588.15477258075,11058.231578158233,14012.966197552734,8449.427246678251,10114.028562732577,15682.963314889146,7369.627321854278
2,366.44093458568676,-95.95959595959596,553.8100443745466,266.314745227506,532.9132796122113,1107.7585183855085,251.09497399849187,173.52536505841135,750.7159443983213,93.44821782262959,9467.1534649903,11399.216285444338,7010.718443252391,11428.726543722072,14425.119690614152,8820.57130334625,10663.559879796978,16076.249808236347,7847.072000307296
3,390.45872069993334,-93.93939393939394,566.8245474057767,283.3085780977051,561.7502708340395,1160.2258501261942,273.2381216218724,195.11446277482247,782.423526424476,119.94743654649615,9962.717753342873,11859.68427157194,7352.016903536317,12015.696428384226,15059.890861474974,9311.30464564947,11278.330033902352,16903.765100697467,8376.2617496615
4,416.4638592135334,-91.91919191919192,599.8230150407956,301.49670626429304,593.1367228843117,1221.9687277831038,298.12470673994665,219.41614021516645,816.7198961002906,144.40309317087733,10495.071958853829,12569.112122680155,7744.301228037636,12667.341099751455,15821.451512355621,9779.989094535209,11996.521414841784,17813.957839914296,8866.298780397992
5,442.9531690741836,-89.8989898989899,638.9633416418044,326.5429987926174,624.6119327286447,1298.458374369005,324.96528239260795,246.82524148370476,853.8796085790867,169.29880771477644,10986.959230919227,13288.11134723797,8107.569967017279,13353.371404315725,16684.21936636607,10269.973987803374,12758.587011443837,18409.36578618015,9542.610422991158
6,473.36004629595493,-87.87878787878788,683.6299528561599,347.6855236675541,653.6006788281907,1389.0254663508138,348.0405691038978,279.11009356267135,894.3171767114463,198.12471447621178,11578.816922013208,14103.267916730474,8499.261918577493,14127.056311896915,17617.62294665398,10839.630266964268,13615.980212193585,19436.424711361047,10224.771911602546
7,505.508818250208,-85.85858585858585,725.1490845195952,365.9631306136203,684.3155745000346,1472.9243068246303,365.70016445494286,315.9886177490582,938.3367263297639,226.99187637007373,12192.815865872464,14961.193230857507,8972.266873640776,15010.464056064944,18630.159527519158,11508.33357262511,14661.72019737333,20553.004475289858,10879.369135503395
8,540.251183136631,-83.83838383838383,766.0086420791604,388.41896762353406,721.9226268675467,1538.2484461876734,385.6619146075341,358.0351911434647,986.5037201997512,259.1964685314855,12855.589134822203,15865.239765263503,9521.09675309265,15957.252842110276,19684.222670953848,12252.60683253943,15761.94754612879,21790.16921495231,11592.835353279197
9,576.0976356694948,-81.81818181818181,832.7744925694726,415.5812165180204,761.7702605688891,1603.2344992427463,413.47103614126,400.4762897962242,1039.2485712185678,291.0678045508487,13577.69286332317,16730.67919299467,10074.437524761734,16935.728261626224,20804.923180432594,13042.694339815871,16888.31987416417,23196.215804491592,12347.372296140033
10,613.3889609677371,-79.79797979797979,881.841110120891,441.22360534071197,799.8792095073259,1687.3431194811003,446.5392049968144,451.4171876005511,1097.2203552910325,328.8202533157531,14419.000279432956,17613.57690533416,10723.422231809373,17972.65912939395,22129.244685036814,13891.709028826095,18224.48739742699,24661.638015679993,13509.972148791316
11,657.606627152773,-77.77777777777777,932.9188978669337,472.57311554411683,841.8554686306557,1794.683095155527,481.1314115282196,505.4664437785829,1161.0673931534163,369.9149065575187,15303.069430453073,18429.829343374964,11364.582888682886,19107.924920714537,23707.89148151102,14832.195113214482,19596.089275103048,26568.9328066902,14671.703066651511
12,702.3418674314686,-75.75757575757575,984.336162197767,506.19960449360315,894.4171198685285,1908.8301636110546,514.4709079818002,564.176962121594,1231.5515409478674,413.6141058847718,16252.22824825618,19437.31352593827,12139.715380273985,20349.406855922025,25496.232379008332,15811.954083877783,21149.227498429096,28711.466175743368,15791.031103588308
13,751.3035372456911,-73.73737373737373,1036.870947849142,542.2200206886322,960.4224654303732,1990.5042436661658,548.2521697563756,633.0458601570059,1286.6116742707843,459.1995981844752,17361.773158297474,20683.48392741002,12851.6084165441,21752.874437809205,27443.150698350728,16743.01631570581,22767.92428167643,30808.8308255314,16974.076176395105
14,807.3671589934281,-71.71717171717171,1097.52541284762,580.1742050694006,1038.0446208601693,2026.3579243196866,589.2452880356913,707.8417134815795,1341.8103460095895,510.6235739810477,18467.222239535393,22044.56039135034,13732.042729913606,23391.40742238766,29473.130276257183,17701.05874613133,24680.989793849094,32802.77659832293,18314.993756880252
15,866.7979168199084,-69.69696969696969,1143.1334090594971,620.4478839962092,1121.7765463995158,2058.925250203033,639.8268559426365,788.4153308536892,1414.969295873316,574.0025615300661,19767.41985928294,23431.395810889186,14697.829751036421,25247.80103603219,31585.056871274628,18870.58591398925,26688.15272436761,35257.31508712147,19750.893596109832
16,927.5909760416472,-67.67676767676767,1196.5444097840416,670.1053632636339,1205.0513420178168,2131.748205184105,694.5978530091473,875.9788813514813,1499.333132307593,641.3453469585503,21182.375940408347,25103.107623616837,15813.621749451528,27268.62367346947,33914.543275744574,20302.599692647207,28722.301555999198,37912.67137718416,21543.438878559875
17,995.1213794877748,-65.65656565656565,1249.3379174085562,722.1413745940398,1283.8007737143528,2249.7561239321703,748.6811017135042,976.6294969436151,1592.8187024109304,716.5844629183615,22879.602337571865,27046.494928007538,16959.83996065428,29512.50261598667,36580.14058804641,21926.49873265557,31553.675342846353,41661.69781829946,23366.645882979632
18,1069.1339644078075,-63.63636363636363,1315.9712496383754,788.1829152626335,1358.6242315400814,2400.4610172150396,803.0909874776843,1088.6578767088436,1697.120082333451,797.9668128438653,24595.65531779839,29142.052309759565,18162.834265730886,32059.268965171508,39644.24440416595,23741.9252471579,34567.391339831935,45770.297054911236,25330.689222167628
19,1147.9300873476911,-61.61616161616161,1411.5334959706863,850.1775374321832,1433.6042541304773,2576.9425230044903,862.6159604032907,1213.9317643834415,1814.2054473858739,891.2789113759537,26428.28425699253,31427.432685195105,19395.820364658346,34923.17639762338,43153.02039493735,25786.110681233964,38187.54060066559,50261.85910670227,27818.539638923492
20,1240.768394863903,-59.59595959595959,1520.509543523347,928.8637266934594,1515.5783198365689,2774.5188660801914,934.2227899754874,1339.95026022412,1893.0767251384407,989.9160566896606,28588.33991330139,33914.504122617574,20860.078103706725,38046.95039542647,47136.05460699765,28016.112231033127,41814.77650030648,55707.236584932114,30515.15862825419
21,1337.3023103378537,-57.57575757575757,1640.085572309793,1001.4215264228391,1609.5602975424806,2970.1219985386697,1021.3169452440169,1492.3173284258949,2095.529992813435,1091.8450376456371,31097.109190517687,36807.75766041658,22377.909866730613,41393.10928458578,51751.554834773764,30430.56275398068,46238.80066442287,62132.6327941362,33491.57703119109
22,1444.4903238011261,-55.55555555555555,1765.6691642620813,1089.7615157963498,1720.981620150988,3129.519118697957,1117.458864421583,1659.9257622326606,2317.49783300075,1232.110598845071,33550.05854572852,40575.86887787993,24127.850193882863,45093.787304577774,57181.09347097221,33157.85256154979,51155.26743477607,69521.30474890908,37357.178931729206
23,1568.4154898832212,-53.53535353535353,1916.2928343628216,1177.725774769157,1862.0779048732845,3265.7257378793324,1208.5636988268052,1861.5538117708575,2557.240468178916,1387.9067792338512,36522.431592407025,44772.12518153905,26324.2322951642,49335.657682064535,63302.95925530637,36281.32419112297,56936.94272831902,77340.02117788114,40566.16510230589
24,1715.830275380017,-51.515151515151516,2099.615376132403,1281.2592557268276,2038.0119249978084,3441.1937120660004,1286.0848376142799,2091.3863710359924,2835.5497243892883,1544.7829098771383,40134.82835026824,49448.495572221764,28844.566188500026,54218.15901508116,69996.76448870136,39786.12006573575,63760.07413164836,85422.91897136116,45078.12796790699
25,1859.6637119530412,-49.494949494949495,2250.9080373945303,1399.538674816747,2231.8485048658863,3695.318432680762,1355.1743903357142,2348.1337523379216,3163.118939678259,1745.9848229947283,44033.04407552225,54512.218174870715,31510.20239188871,59877.637753697476,77433.37714539011,43717.749143330526,71410.8689762484,95596.82738924237,50625.15642851224
26,2031.219275505226,-47.474747474747474,2463.548700286817,1534.5117463758231,2426.1162235445036,3997.9503324768716,1439.405272490071,2682.6097187335467,3487.680035944728,1982.5234684616134,48200.59137319364,60142.035086648124,34647.985111226575,66566.29147963418,85864.1963606965,48250.412226918976,80970.40114592032,106785.9506095103,57841.860932316245
27,2226.536284494429,-45.45454545454545,2681.169161223453,1689.7594744322057,2640.4248966036957,4318.010022795596,1549.7049683410687,3045.5869589249014,3945.9591591508806,2279.6678909599013,53334.86434042823,67028.77766203362,38755.39610465973,74229.86866031979,95642.11419765091,53678.224140263424,91003.53861911126,121126.21838187095,64302.319267129446
28,2454.0628691842194,-43.43434343434343,2973.1882686084373,1855.851934670807,2902.246904071341,4697.671505660075,1670.2960311271058,3476.6358230399883,4498.333858961334,2594.574635039583,58783.5221839561,74111.89442529067,43569.452593090624,82747.58942983454,107248.4939062427,60023.36258337411,103857.9379206562,138367.78120156616,74668.09134906736
29,2721.253328884874,-41.41414141414141,3294.085189298006,2040.383776263235,3214.8365682051567,5186.175424505826,1791.8079610451834,3956.87764719355,5206.103531280598,2920.4170813657925,65170.43497522777,83038.61612238977,47985.31051293742,92377.46040530122,120939.49786431203,66909.71352001438,119925.47835092466,159707.81905962317,85878.07501476997
30,3033.7465241385353,-39.39393939393939,3652.702983997711,2244.3585362869426,3566.397589852837,5781.3103300697385,1927.501560553569,4591.185216587268,6027.176749177073,3327.5092254360907,72196.75720711041,93472.14373197756,53595.84860129952,103575.61575680046,136791.8648691568,74513.4721359341,137927.4404699905,182873.72023023132,98285.13218481504
31,3404.9104889395153,-37.37373737373737,4135.252919245181,2493.8929992158596,3946.7646794270227,6499.628260372632,2105.833636516657,5382.087104728993,7268.0541952547555,3890.268538634588,80676.95181686603,105053.81938446139,59569.67183281575,116263.10799033772,154863.97001302987,83745.87192682711,159829.49481087987,212877.68032771748,112759.68507711153
32,3829.7232929620577,-35.35353535353535,4711.504204769842,2781.5031700258874,4376.415473706957,7410.290060578465,2349.7458945145654,6343.616112195864,8628.284992463563,4623.0453534016715,90602.69216075327,116499.85009089462,66400.65226363545,130288.30485675481,174879.61111578648,94867.62683538724,182650.60475090236,242360.4669240268,128023.85960447475
33,4336.6846845375,-33.33333333333333,5361.292790357844,3139.874465449022,4907.4004418395125,8514.468003799326,2660.0179991245964,7572.58025332461,10459.620022206229,5427.216353438282,101806.3438288736,130150.65636029521,74871.54841372931,146319.49922409584,196385.8974031313,107348.17114766414,210545.6516901999,279375.6508247466,146064.98947075714
34,4921.997821887526,-31.313131313131308,6067.457404523502,3566.514911386615,5574.794955506715,9802.227576166679,3029.9910751857237,9130.550600711353,12701.976422403644,6582.512560256487,113695.4467687301,145375.77880489494,84971.25827219077,165284.51720442143,219278.7612478321,121269.19951249931,240698.26327755925,321619.7090658929,167321.8635940131
35,5658.327591317416,-29.292929292929287,6996.826463127852,4112.662808824939,6388.207448570766,11393.823288473977,3473.750584893538,11242.000921525487,15805.58039712191,8046.076838679722,126637.9938750962,160206.5523041171,95472.58613933604,187337.74170253356,243813.88262776803,137031.46719463257,274053.7590445722,366347.04472144094,191555.79232369235
36,6475.317073208946,-27.272727272727266,8101.37334491087,4699.658346254843,7400.12331216557,13368.96089845116,4001.5551336211906,13929.294207673527,19667.339559118558,9945.79575414406,141549.84747241248,177800.1006105061,106036.70278989409,211387.05496220815,270097.9509554435,154353.91064338177,310216.91776527074,410471.050913796,220517.83496450592
37,7493.35310742738,-25.252525252525245,9374.79848350285,5427.282245264426,8699.385479449755,15698.421620651407,4587.917160565186,17560.835737040146,24279.305187427388,12483.225525124177,157412.94807274212,195411.17042221295,118911.6726770592,236752.40086612487,297723.14993793605,173161.4498530041,350581.2507616806,458410.8872043297,252760.3833448392
38,8705.109092215487,-23.232323232323225,10920.25290094376,6427.466825648707,10308.705921299175,18536.408024738765,5229.693910291005,22250.366711237926,29720.35060141989,15573.057419839448,174596.40823571992,212516.9216870331,131311.6137526175,263435.3870482464,325667.2168256125,194544.96975279646,389345.4478559592,496173.73289423384,281918.84615094773
39,10085.93548529111,-21.212121212121204,12496.18204683533,7400.728539405843,12197.62638359373,22205.362338433697,5965.719306034515,28231.73879698808,36695.36068216674,20021.225357491723,192085.2630596682,229682.64653623235,143861.38286949674,290261.7767463341,352797.7914250086,218278.15262528416,431269.58201845497,541435.9186448135,308281.1289533144
40,11741.596841922703,-19.191919191919183,14226.142859889971,8629.574936820185,14459.773197853268,26860.551574678575,6849.591309189531,35537.232043185875,45806.77088585778,25493.018136212646,209161.6969192206,247977.73493760522,155841.92185012152,315942.60571634263,378635.44621338346,241988.87925713518,474585.2877952143,584076.5394106839,332756.66284797445
41,13551.577355667592,-17.171717171717162,16354.457004606546,9797.698054657727,17334.422282741736,32287.404369258573,7910.431565522147,44191.94910127869,56245.155694340836,32432.49931442865,224793.69974832417,262763.5528782033,169368.8969704807,341504.82555180875,403428.30050998135,264101.3894862469,513522.5212447386,608866.949156867,362507.5463861386
42,15571.885121613146,-15.151515151515142,18339.271385914333,11253.20607428533,20821.218844642142,37916.53600559837,9173.111497869922,54888.334052260034,68615.86193116636,40634.07560085102,239029.59116249383,277465.26500707323,180129.62437753682,367307.12450927356,427198.024123108,285267.9123012502,546729.3611306406,640152.3345942835,386534.1238999618
43,17783.74938100208,-13.13131313131312,20579.540370788487,12509.5257659286,24696.48554148234,43336.31188517732,10626.265938378614,65930.47655881093,81131.46211435684,48303.0961855728,253447.5894395955,290131.9866119174,189385.1501725458,390268.11587500636,448890.1819502531,306214.632200382,579159.28832323,668064.5289802469,408843.63652666716
44,19771.033338337827,-11.1111111111111,22676.44680299812,13943.503125531264,28947.58816366078,48660.38028226401,12253.283539752518,77380.11649464566,93047.24488622372,55978.40729224579,265284.8905711068,298525.51722000976,197114.69120559597,408834.5406122337,466901.45430163614,325608.3557840416,602738.8545954542,688540.0425270017,427091.6804321922
45,21762.273438611643,-9.09090909090908,24689.688306037744,15331.757097326492,33622.305206344856,53831.96204187547,14225.081108467799,88004.48683588709,103642.70956720342,63856.943763288225,276022.0230613472,305517.4205526188,202050.17575871715,424397.90924663114,480281.2747800575,341110.8143122446,617670.2416673003,701637.928481723,440659.9242271896
46,23504.156646606745,-7.0707070707070585,26410.428109645927,16529.22043487464,38329.77154894954,58482.3468804018,16823.948400928155,96757.93446526847,111490.81967091866,70404.84139034427,281629.7138388871,311113.90343284747,206135.467491175,436686.07009292056,489272.50569047086,352720.9127944108,629424.2526888878,707011.4519584283,443858.4177006789
47,24745.27547041269,-5.050505050505038,27746.855103489477,17368.205126260375,42484.07219373993,62479.48801493391,19953.826256588924,103182.99204183873,117231.92947420137,73690.2798792025,284126.52329810016,314004.5772030154,207836.5150078116,444667.1010288928,494424.4797272724,361372.1403522442,632594.1404340673,706830.3196990205,447018.27194238617
48,25539.294137962177,-3.030303030303031,28671.235749199244,18058.153216353432,45557.46739182295,65685.84352906476,23091.717660035676,106380.00615170183,121508.85774344536,76322.81491058013,281748.5886975205,313916.28155780316,208635.02094080928,448851.90923386405,496077.4876049922,365788.17444807634,628519.5292212527,703270.6561302487,443982.1327405694
49,25896.915711827944,-1.0101010101010104,29018.833908286335,18197.005584649003,47329.70605148521,67778.65238916587,25894.226852599917,107210.33904547399,121917.26622748694,77822.37845274173,276752.0654674309,311414.690766257,206130.3103296642,449041.56120025145,494479.95819785673,364993.9599411867,620183.7044572874,696746.4603935065,438811.9306861672
50,25611.328013859813,1.0101010101010104,28750.990036134717,17782.05118637663,48225.62387683256,68724.67084661631,28183.773035341528,104219.9209656791,118402.48450098296,76363.11482143418,268179.8843050634,306422.71269823605,200528.35159546835,444042.9047999668,489518.24282171833,360329.29992716294,603264.5361781035,684588.3756785906,427561.2934815522
51,24617.956549851744,3.030303030303031,27829.95236133814,17328.23698072114,48751.950054284345,68527.86613143997,29520.2721895485,99088.32650396152,112599.34983048946,71398.41414614527,259984.47098628053,298716.76201884804,195092.69648536568,434499.18192282354,481211.42546753085,352623.2735771053,577940.8481376489,668486.8769812253,411418.89263777743
52,23097.90795604195,5.050505050505052,26250.590112870686,16122.268446957252,48534.13393217125,66999.72078048876,29700.83663794522,91011.73144141315,105196.31027510404,65786.33157772137,248475.9028541586,288459.5670752274,186667.9305532573,421284.6263206584,469430.7497894385,341477.7946735485,549509.861936519,641829.3323036098,392574.42048070254
53,21121.962651815473,7.070707070707073,24251.885244824374,14886.035140480115,47109.834650113204,64309.89014806776,28986.51561999173,80178.11284657188,94865.0219586559,58585.577397783396,235409.58908410702,276136.03326557245,177926.40991580984,404313.33725694224,453497.04989387916,326744.8430552744,514055.2287968994,612081.7262457154,366813.78989334626
54,18993.23726484204,9.090909090909093,22196.11143540941,13244.570886454723,44799.042558359135,60579.40331035539,27653.51495129121,68089.31778193393,84533.9267557247,49090.83751885468,220088.6305564115,262389.36422695755,165623.17544728133,384401.1496004607,433204.95998654043,309051.1282215352,476654.9231726511,578444.432440654,344922.3872969695
55,16708.29674135599,11.111111111111114,19815.49142119747,11711.868204452374,41835.84104522813,55872.592416255764,25914.229625470995,56628.06097675436,71621.72291507524,39876.39444510846,204983.5529576585,247489.94912836712,152973.7732385163,362238.4308265474,410674.2920792189,289850.06966418645,441301.42481732485,546211.0704268583,318818.21967136324
56,14509.150954249923,13.131313131313135,17322.020082298543,10314.773566391048,38161.52834950711,50826.44111689905,23818.473765974035,45077.433057930015,58708.02658216593,31943.572825147952,189459.65938178674,231653.8312414194,139449.37542071915,337617.5158482333,388391.06135959836,269886.9246745883,403207.22849575774,503165.9522941969,288767.33205629076
57,12381.075588380107,15.151515151515156,15066.400935979384,8953.196594062425,34038.13334840323,46112.502766018435,21230.652597943816,35163.568606355366,47995.60061577989,25263.082248849358,170860.2352002846,214052.384709076,126261.2008693955,311061.6487207685,366610.92189532775,249061.2468933559,363327.5812434878,461184.93772114103,263538.88542644825
58,10558.34488104913,17.171717171717177,13040.693684364873,7605.950173652536,29903.004556525302,41754.19317491644,18353.86325205138,27533.754161104018,38055.68834662816,19445.240546564342,153420.14702278905,195229.38350001318,114176.40405477412,284175.909684645,343875.31840486143,227568.3628278422,327429.316714147,417676.89865565806,234101.7557265249
59,8874.039914409037,19.191919191919197,11111.72503645919,6375.941912478604,25916.20439395725,37662.51232517879,15694.348079167774,21554.30765923258,29964.98900183371,14961.1438685048,137332.34365777683,176119.04343557506,103041.98320951994,257750.9406366726,319176.6289393831,205743.44310511468,290659.71868202946,379853.75715784903,203930.75781632145
60,7513.331377482585,21.212121212121218,9487.8183189149,5436.408572662689,22269.476913714647,33698.08101268921,13372.748092797345,16661.555222570878,23663.503129859528,11627.89995952992,122559.41459770237,159749.12183191467,92157.09551369748,231958.24685120743,293018.19126650144,183989.33982325514,255213.85844875762,340604.89913074893,176993.66959856628
61,6353.150261941336,23.23232323232324,8120.203628716098,4599.337789095928,19089.589915415894,29572.553584907975,11290.168064244937,13124.030329936153,18643.39398933515,9071.959904109694,109151.26338931239,141910.45522071954,82246.59488639869,207264.91874366725,266674.1398949847,163243.32960620214,222664.04076642258,299869.47129931895,154405.04057796302
62,5423.536848626532,25.25252525252526,6881.465908899925,3920.9389912157676,16273.224863170803,25441.471018657558,9503.052364903033,10355.188891263366,14985.374084990437,7225.123544509707,97221.13542370059,126384.01306434261,73183.23236374615,184205.30682958046,240845.2556117473,144107.75096399288,192230.65326890195,262809.7712359881,131449.55851528153
63,4592.53190518937,27.27272727272728,5833.591329058911,3349.4690459467774,13728.50414924944,21736.548491298978,8101.994557747391,8295.495698933648,12666.279606893237,5756.785893656522,86380.29423475396,113535.7940545644,64385.08096700038,163181.90152334137,215997.76062888603,126769.04758282856,166853.3253246866,231058.39676585604,114719.94321497838
64,3973.7575321563586,29.2929292929293,4991.657267293853,2921.9743723607985,11509.497713527875,18568.75727591299,7029.298566488178,6862.896626805567,10561.437419837423,4769.012092788507,76428.03845135366,100448.63923956502,56046.040805573386,144272.21036297394,193906.89884284744,111483.25716992839,145021.15985715782,200798.84868767957,99616.0178576894
65,3457.8220416036906,31.313131313131322,4316.3892248622205,2533.365553568875,9687.707079221042,15835.965531178881,6149.553689725943,5729.699976213466,8593.160596999247,4003.2073508852895,67922.44130942166,88984.49941586537,49497.702539162456,127353.35901093973,174897.32982395805,98252.82026748828,126211.18253293127,177275.24802044776,85865.42764928027
66,3040.016177846195,33.33333333333334,3773.701432143092,2229.326697802621,8233.156696198204,13540.92145558109,5383.421363405774,4785.257435108427,7414.240439691134,3346.0768299231254,60235.03193207917,79746.38786757443,44083.20720562842,112199.80837263896,156760.260591708,86768.62497983278,110279.58182118369,152963.29642560898,74912.96050766877
67,2675.4091161086876,35.353535353535364,3316.647462097494,1968.3888470070162,7092.186457045404,11723.922640008432,4693.050698043707,4080.6370999700152,5929.753788825789,2870.5226764532104,53744.91984235369,70007.9070511757,39490.829934458314,98611.0756146641,139017.95548394867,76756.04471930137,97237.8768210984,134158.41266871724,65778.60594789576
68,2392.121162571749,37.373737373737384,2917.719886002476,1744.4236712201387,6197.069309872608,10352.11162379499,4083.8356279071245,3507.3990595056785,5147.390524372013,2485.835396888478,48130.02467969675,62060.17615957506,35473.95338146104,86767.72106854228,123453.32666296551,67887.65619927522,85032.65507127212,114677.14828886125,58001.50717304065
69,2158.3968695203143,39.393939393939405,2626.9480607772407,1571.4485995751195,5459.84504021821,9268.845953894004,3583.0713884325633,3067.160377908224,4392.1445047332745,2165.151006214034,42954.05526288806,55277.46111142062,31935.342065341378,76851.40379194956,110038.39478985153,60089.37521377153,74465.29162790996,100618.5454634758,51435.83885435924
70,1939.6856551731569,41.414141414141426,2382.1420652327556,1406.163859892901,4820.111859981754,8319.091153223233,3177.263415373903,2688.6954779035173,3785.9104354835413,1873.801975413096,38546.19732360283,49091.444586345184,28695.269836129606,68455.17474749086,97717.70712800653,53422.79400163854,65697.75202694844,88922.37830933348,45286.279338185195
71,1748.2992588388968,43.43434343434345,2171.378265651407,1276.99481618356,4262.100392750667,7435.030934868871,2832.619154765616,2370.3417753235485,3366.5132490500678,1639.9008395806384,34878.4221370851,43793.71741261921,26071.782675358878,61051.338744204295,86659.88215253557,47752.38442144811,58157.71677431415,79007.01769289728,40227.563218858966
72,1591.4936383234638,45.45454545454547,1988.7568329331364,1166.851118468826,3777.155079242482,6603.8556362513855,2538.1210958741012,2095.2240064934567,3003.08921690352,1455.8446686516484,31815.11397415973,39500.96664540859,23629.955770345052,54569.605741291176,77206.63243517972,42860.26345695964,51905.221912004345,70695.14103744105,36008.61732009337
73,1464.3078686556717,47.47474747474749,1812.5220758269518,1076.3964436581894,3351.675051863625,5836.162676341475,2292.241243172893,1864.1008797514312,2680.746049436157,1301.750151756525,29247.879970584254,35775.107382108195,21477.204691996474,49036.81522254251,69175.4138841994,38656.42939640486,46206.86387426675,63348.28415336745,32878.16586752911
74,1353.5304537426134,49.49494949494951,1667.454482821341,990.1174549680062,2989.0394900418837,5179.074506266653,2087.313157417426,1662.3855165643474,2388.429165513617,1171.2209006396051,26726.851352313566,32673.54541707517,19661.43408548784,44230.81269972997,62321.024101011535,35071.639538139614,41550.376764710774,56892.97625045315,29844.155952516016
75,1243.9911056825913,51.51515151515153,1545.44502415261,910.9965079116871,2686.338598260829,4646.082014940814,1907.5728973770902,1492.5631928262253,2183.676286599524,1058.0054601558522,24507.83063993764,30097.804880170217,17975.948536141637,39956.90130330714,56333.460349480345,31956.801180287606,37543.986078356844,51214.249740887564,26788.2969387511
76,1148.221891188854,53.53535353535355,1440.4751023883603,841.57206472277,2424.820345286908,4198.597440208505,1736.11435529274,1342.2534313177173,2003.6994683382122,953.3654682184017,22599.81358232024,27667.859926707566,16472.07132526442,36194.42393812947,50957.55518892207,29168.48221865826,34089.01406755656,46858.9777476295,24512.763454118816
77,1070.272352301709,55.55555555555557,1332.1538957344635,777.9610877425363,2195.486147467439,3794.73964411725,1577.7328761136278,1209.8366871158994,1832.145356099421,869.2407149816298,20761.87051915045,25530.725428673308,15138.681258138222,32982.13360393584,46153.070155536145,26665.06033966386,31038.295830413022,42210.236201321604,22078.8563199815
78,991.8440593322234,57.57575757575759,1243.9130280140955,726.3089640986716,1993.2888642530081,3403.0952939119297,1437.2102672067233,1092.6868731342558,1686.28821804616,788.7164423786526,19138.67243143479,23583.779869506707,14068.294656821676,30259.046994823977,41898.700986043696,24468.95875352869,28497.25881908474,38145.241332635575,20391.918582198217
79,923.7079412007176,59.59595959595961,1171.9124387475792,677.5045683719576,1815.981342398461,3052.2479022416874,1307.9458449769818,990.4596725040434,1559.871784559586,718.7190236864993,17796.57937475012,21908.812543789372,13092.727641797852,27876.184385314104,38084.133477723524,22561.212320035345,26013.314588045727,35201.69855811561,18821.786379975354
80,859.5691838134758,61.616161616161634,1092.8731978722392,629.948449146105,1661.3220325828725,2778.216673411119,1186.1542576206325,892.6279059225858,1444.8882716873522,651.7266213220727,16547.984041659118,20399.101275866757,12138.523283636894,25720.545154500353,34734.98559585699,20877.207552966927,23874.30228252871,33038.84043975528,17377.10795629692
81,802.7293044476131,63.636363636363654,1018.9008474447218,591.7336227341721,1521.0483804588855,2538.520874404932,1075.7978353929582,804.340235799536,1344.0705453556989,588.8000976387497,15438.657072359281,19026.511228566185,11231.38182131448,23744.365422425595,31868.053023302276,19358.31938732513,22130.195218298428,30778.26759057301,16113.920533756467
82,746.8381860415627,65.65656565656568,952.9382758280103,557.7013985975368,1390.642632110589,2286.590107232387,977.2459073493721,721.8319014773928,1254.9619899230877,530.4600110639723,14423.082280771381,17904.155610363112,10525.684170175451,21943.475685309062,29342.674576331774,17981.027331125828,20393.450573423273,28740.5812817847,14859.487432116435
83,697.871851560996,67.6767676767677,887.173701651213,522.2364842612607,1270.6963013785717,2037.097235542957,887.413177858111,646.9520998705784,1176.119864163639,478.9145320955169,13577.377654533077,16817.38153110229,9875.069231800251,20343.9079750036,27060.07032611898,16739.27204522059,18861.46566127224,26490.25480348071,13821.51649713446
84,655.9600124211341,69.69696969696972,827.1929535305028,488.4817853613638,1157.591074735904,1816.7287750558094,807.0020076917119,584.2289207894389,1105.9974235575853,430.58202671889734,12761.296207012574,15806.427347343766,9303.242475804067,18948.527195957864,25034.47951710969,15627.095224468048,17561.221683605254,24531.762382650486,12804.561527685632
85,616.0516339355498,71.71717171717174,775.6420555462328,458.88085978761995,1047.0102254166175,1628.8767850851414,734.3550931054591,521.5389884396583,1043.7916421009036,381.90995539743164,12034.644644708744,14931.192714094652,8782.958318474088,17723.51649960089,23216.371230470388,14635.67383565555,16317.24335828442,22807.668710700094,11960.734084315172
86,578.1595211444851,73.73737373737376,731.0083578590302,429.2144911457539,943.1715620812737,1464.8976119445865,661.8735826747854,467.6883002751072,989.1404638361922,340.7823713444075,11330.063393215147,14119.144703432261,8315.95452214993,16617.117318611457,21560.142904999364,13736.954110366449,15236.35879605216,21133.366769273234,11214.133817646125
87,545.6986909290348,75.75757575757578,692.1071361717197,402.9183852721826,854.0072130897014,1316.1944699260835,587.3860703868501,417.9317942807128,939.9584973230016,302.19286040269503,10698.655075704122,13351.168293673201,7820.312055566816,15589.11418880175,20094.040117735392,12908.739040954148,14211.912898706347,19557.71435891489,10412.71782084546
88,511.1138811569245,77.7777777777778,657.2743361339105,376.805320259392,781.6991638182712,1187.7633161531116,518.3948081436993,370.270709679745,895.5974024757513,266.1016921959449,10084.129537022498,12612.256707075578,7367.944404898008,14630.944529276156,18814.60464050388,12137.485479264134,13205.255844749166,18131.923847079895,9654.200698669285
89,478.12335976061206,79.79797979797982,625.5535897365285,355.7391540362878,720.7069880451803,1083.5182049651246,459.0894632121668,324.63760577053245,855.3223122152943,231.72277209602495,9549.298378911824,11922.917589134635,6988.348526073406,13742.051169221162,17662.245903937703,11431.297531979548,12343.881165040708,16821.39634118033,9044.978971006069
90,447.27526116773515,81.81818181818184,592.9359296841654,326.15359183575384,661.854132765901,993.5078088304972,407.16168689695365,283.30608843815344,818.6714336334484,199.99379320831466,9067.15498488514,11309.906145862475,6639.537509972824,12919.073335586225,16546.597845237226,10790.020763607597,11584.06521547212,15639.726101529322,8404.663040267369
91,418.10102273487325,83.83838383838386,559.3044083693901,311.5977333671638,601.1745521029533,906.0090883997058,359.5337518359981,242.378134336472,785.1455534736642,170.54725025619626,8593.661602985429,10836.206070287904,6298.154625281959,12164.157293180544,15451.301770880864,10192.778059521059,10855.999420563507,14589.851786351064,7816.008443770596
92,390.50526513603927,85.85858585858588,527.1449657286774,292.8439295044046,541.9583894483332,824.1001951944174,314.4795256677972,204.69128945739655,754.3274504808016,141.8194359754846,8150.874291580698,10168.057653740505,5976.770320252555,11460.319874144378,14449.072443726162,9620.759079938673,10189.491762056621,13610.368134985334,7296.670212362562
93,367.94744280962203,87.8787878787879,497.17270512126527,272.5726749204836,488.18255674384864,750.3778719561739,272.89031684252143,169.92998316114208,725.9595095631532,116.7246962033519,7731.169143558244,9676.91094352056,5681.102145321129,10789.203426323473,13561.012110858983,9066.228878686323,9595.348146643366,12713.71791696383,6855.426130063901
94,346.3746553739213,89.89898989898992,468.69234067393205,253.75922471055324,437.0573812138473,683.8663831544471,235.67470965357558,138.94279419601628,699.645920119111,93.90336328097806,7344.528621460732,9071.433600354349,5417.418696714043,10167.350611432646,12742.48647778031,8539.744009919908,9014.092807808585,11970.931182255961,6473.136631878215
95,326.11520160768987,91.91919191919195,442.60679380846744,236.50064166636247,386.67884353045105,624.0401216434024,202.44352934570708,109.14623140132093,675.1854315278684,72.7749430567052,7004.897996962366,8645.30216573668,5141.847665970959,9612.460284676306,12005.131506337097,8065.732497143759,8477.754855022158,11466.124841142342,6091.489288900086
96,305.8344005662182,93.93939393939394,420.8831323660212,222.23890266396742,339.57059948098276,566.5938986378545,172.34206367483844,80.05183881363355,608.131209744063,52.49296985026668,6655.886929957211,8182.0140799612445,4919.369959470127,9110.323241495522,11367.291372372401,7645.380155166517,7971.4148990384665,11000.156058103328,5737.980255137823
97,285.42251228662155,95.95959595959596,401.9601505945268,199.29277357017656,295.7057666527316,507.8220814147954,145.16986307166408,52.932738219334226,524.8208006621901,34.061262534171796,6342.425662361421,7727.186467516201,4724.17417883251,8637.22676828695,10776.919725086384,7251.709144027493,7502.17869227575,10568.109282301268,5399.8195366140635
98,264.7704340298483,97.97979797979798,361.52176131987835,184.44018420064032,254.24034234625321,453.3293357993179,120.40660032218634,26.002135785868745,499.24182354209444,16.54688309921982,6052.641173246347,7337.534718172614,4442.265189698629,8185.325908051098,10202.014008954488,6870.6716761058615,7051.324389491128,10166.380016817413,5140.404744862817
99,245.79534698850478,100.0,336.8066620120053,167.30075793888554,225.60211639957322,417.99643975128464,103.28959938710857,0.0,189.27694720550383,0.0,5783.038702676625,7054.117244688233,4260.801460968091,7866.856037827944,9798.016417452525,6598.86220529049,6644.622057198893,9791.769638842074,4840.4463849171
