0
0
229
13
13
-221
-485
-80
354
253
31
-44
-42
-33
207
283
272
528
723
825
1166
1329
1080
1210
1363
1645
2074
2613
2761
2755
2878
3003
3138
3369
3607
3760
4010
4179
4241
4226
4295
4512
4806
4992
5166
5313
5450
5454
5543
6075
6378
6439
6632
6902
7280
7305
7175
7406
7763
8067
8129
8190
8459
8787
8904
9002
9158
9340
9543
9816
10225
10550
11120
11450
11697
11910
11980
12162
12465
12768
13188
13319
13375
13429
13665
13748
14272
14946
15437
15855
16131
16508
17223
18014
18577
18905
19246
20143
20967
21721
22257
23129
23562
24021
24863
25853
27066
28425
29851
30805
31397
31883
31788
31797
32063
32467
32953
33246
33302
33235
33231
33389
33975
34296
34220
34022
33959
34267
34536
34710
34927
34648
34536
35266
36328
36406
36603
37238
37875
38184
38217
38312
38887
39750
40280
40714
41154
41930
42441
42453
42781
43246
43451
43821
44382
44972
45528
45999
46573
47263
47588
48033
48372
48921
49242
49424
49758
50174
50864
51902
52304
52427
52884
53478
53566
53900
54136
54345
55052
55778
56431
57203
57604
57630
57643
58142
58458
58239
58361
58864
58954
58877
58973
59161
59425
59548
59904
60246
60259
60390
60482
60177
60005
60451
60563
60382
60306
60229
59913
59529
58916
58470
58320
58280
57999
57394
56813
55898
55522
54821
54161
53818
53393
52814
52196
51480
50987
50688
50355
49652
49043
48271
47893
47782
47029
46570
45843
44981
44164
43884
43566
42631
41979
41231
40356
39944
39431
38825
38124
37363
37167
36958
36555
36295
35979
35460
34842
34468
33538
33054
33020
32673
32533
32394
31845
31192
30713
30494
30281
29723
29415
29377
29111
28945
28904
28232
27631
27162
26786
26535
26302
26182
25926
25649
25748
25533
25347
25556
25749
25673
25240
24877
24525
23973
23604
23494
23454
23093
22541
22217
22233
22126
22093
22374
22255
21962
21684
21567
21591
21568
21381
21036
21029
21207
21011
20810
20610
20364
20210
19921
19569
19772
19879
19716
19779
19864
19916
19704
19813
20054
20031
19950
19781
19804
19598
19714
20071
20205
20283
20011
19905
20020
20052
19898
20122
20463
20532
20695
20636
20392
20174
20285
20352
20240
20113
20240
20210
20036
19963
20197
20463
20598
20795
20756
20699
20800
20745
20559
20678
20751
20611
20655
20567
20628
20810
20810
20589
20683
20759
20879
20985
20959
20738
20666
20709
21003
21150
20965
20633
20383
20276
20572
20910
20999
20972
21081
21226
21038
20977
20902
20922
21181
21050
20909
21210
21592
21455
21178
20975
20754
20707
21010
21094
21088
20836
20837
21006
20821
20428
20441
20848
20767
20323
20122
20097
20349
20318
20053
20205
20547
20568
20513
20321
20110
20278
20289
20244
20305
20182
20065
19937
19916
19930
19892
19926
19754
19802
19808
19721
19651
19663
19876
19879
19744
19621
19417
19329
19220
19133
19030
18916
18986
18952
18850
18639
18472
18330
18340
18513
18677
18829
18785
18432
18093
18077
17869
17981
17920
17785
17551
17374
17362
17240
17066
16845
16657
16772
16933
16980
16539
16421
16887
17112
16986
16870
16748
16899
17004
16939
16660
16492
16396
16210
16107
16095
15628
15288
15154
15307
15444
15350
15255
15156
15155
15239
15253
15192
14879
14790
14944
15049
15063
15048
15098
15155
15060
14962
14870
14615
14452
14619
14966
14951
14790
14524
14195
14088
13980
14026
13917
13918
14083
13870
13618
13883
13978
13813
13779
13667
13603
13551
13296
13128
13069
13130
13058
12930
12856
12671
12852
13071
13000
12918
12944
12837
12714
12538
12402
12425
12662
12746
12576
12659
12587
12351
12191
12134
12136
12024
11836
11828
11948
12066
12213
11999
11709
11670
11513
11388
11454
11583
11572
11545
11511
11345
11371
11502
11635
11634
11507
11422
11545
11561
11597
11493
11346
11292
11075
10873
11004
11104
11119
11103
10965
10890
10695
10608
10611
10793
10625
10429
10510
10502
10275
10082
10296
10446
10306
10143
10149
10137
10216
10322
10241
10139
10059
10014
10027
10010
9906
9903
9934
9905
9904
10039
9888
9766
9535
9588
9497
9396
9379
9409
9501
9475
9506
9448
9344
9363
9473
9527
9426
9375
9412
9578
9459
9417
9358
9318
9159
8858
8817
8778
8776
8904
9070
9010
8966
8980
8980
8841
8852
8886
8731
8640
8718
8664
8699
8796
8764
8731
8707
8728
8773
8732
8613
8595
8629
8561
8488
8348
8388
8387
8279
8255
8325
8373
8403
8549
8495
8353
8436
8337
8340
8388
8317
8320
8391
8345
8404
8295
8174
8296
8166
7980
7764
7556
7653
7788
8011
8015
7860
7725
7665
7632
7613
7455
7383
7415
7347
7412
7523
7623
7639
7585
7479
7389
7282
7305
7323
7318
7383
7337
7239
7184
7226
7088
7117
7163
7126
6909
6894
6943
7034
6942
6913
6915
6875
6741
6493
6419
6466
6674
6743
6654
6501
6584
6614
6425
6338
6385
6405
6458
6435
6395
6276
6274
6306
6151
6012
6162
6203
6215
6342
6492
6573
6461
6393
6492
6628
6602
6481
6389
6153
6108
6171
6196
6265
6181
6102
6054
5936
5777
5755
5797
6001
6075
5976
5725
5514
5538
5685
5673
5507
5565
5734
5611
5530
5527
5346
5225
5242
5415
5447
5408
5318
5373
5423
5435
5569
5700
5731
5668
5550
5400
5319
5342
5432
5590
5539
5186
5132
5116
5055
5142
5064
4905
4839
4795
4747
4738
4865
5015
4963
4802
4648
4631
4754
4833
4878
4840
4798
4852
4851
4784
4743
4650
4785
4963
4954
4939
4809
4669
4661
4722
4691
4586
4496
4463
4396
4509
4573
4549
4531
4537
4649
4599
4467
4306
4215
4256
4274
4364
4549
4597
4502
4304
4234
4395
4436
4346
4349
4284
4172
4186
4271
4298
4420
4561
4611
4488
4328
4196
4306
4263
4174
4117
4046
3945
3937
4019
4150
4307
4223
3991
3905
3838
3795
3849
4076
4137
4115
4110
4141
4088
3942
3728
3715
3756
3608
3536
3606
3678
3708
3703
3862
3980
3931
3866
3739
3675
3730
3823
3788
3599
3533
3570
3573
3637
3706
3632
3726
3831
3632
3509
3535
3519
3395
3498
3646
3540
3534
3604
3508
3472
3485
3478
3526
3615
3662
3645
3633
3612
3748
3770
3748
3677
3484
3418
3388
3199
3104
3186
3209
3205
3219
3151
3130
3234
3459
3566
3467
3375
3401
3274
3395
3604
3621
3476
3364
3360
3448
3446
3442
3407
3337
3347
3348
3289
3224
3259
3326
3359
3412
3432
3385
3178
3071
3178
3245
3167
3106
2956
2968
3016
3035
3058
3013
2938
2998
3049
3048
3039
3047
3165
3219
3278
3252
3207
3246
3216
3059
3000
3025
3011
3038
3178
3148
3102
3013
2986
3098
3084
2916
2852
2880
2838
2800
2851
2947
2984
3006
2967
3023
3136
3172
3141
3084
2913
2860
2871
2860
2930
2942
3010
3092
2988
2820
2771
2849
2861
2813
2792
2750
2693
2648
2659
2620
2565
2539
2586
2559
2489
2517
2766
2853
2709
2686
2728
2693
2650
2628
2651
2728
2821
2838
2832
2593
2567
2614
2607
2596
2635
2604
2652
2670
2609
2635
2685
2638
2563
2509
2438
2429
2429
2395
2494
2455
2452
2570
2554
2544
2396
2339
2370
2512
2570
2510
2417
2307
2324
2412
2335
2147
2070
1972
2082
2265
2363
2345
2431
2491
2413
2574
2662
2607
2499
2439
2439
2410
2346
2240
2182
2266
2318
2334
2262
2259
2359
2411
2440
2436
2444
2332
2248
2262
2316
2337
2291
2280
2335
2286
2247
2169
2099
2064
2179
2245
2311
2304
2277
2222
2205
2132
2063
2065
2113
2193
2186
2086
2110
2230
2169
2092
2065
2130
2233
2261
2117
2133
2115
2231
2295
2259
2187
2094
2079
2136
2277
2300
2255
2186
2057
1918
1897
1961
2011
2081
2254
2308
2314
2249
2267
2217
2146
2148
2236
2141
2069
2066
2037
2165
2133
2021
2003
2092
2143
2130
2121
2053
1974
1913
1836
1793
1877
1937
1906
1953
1954
2054
2205
2171
2093
1941
1837
1776
1733
1697
1782
1919
1923
2010
1937
1847
1930
1940
1864
1880
1832
1884
1890
1810
1719
1692
1604
1602
1669
1765
1929
2016
1991
1918
1891
1950
1953
1924
1881
1784
1732
1789
1775
1791
1870
1898
1836
1916
1863
1698
1717
1804
1735
1753
1855
1833
1804
1840
1848
1934
2024
2101
2206
2157
1974
1864
1792
1800
1834
1830
1779
1705
1747
1726
1649
1661
1763
1733
1789
1741
1779
1832
1842
1975
2007
1775
1736
1691
1599
1506
1492
1622
1689
1678
1645
1593
1585
1606
1571
1577
1682
1725
1740
1680
1689
1634
1633
1624
1589
1637
1746
1693
1673
1663
1641
1590
1554
1656
1674
1636
1615
1604
1588
1519
1628
1817
1902
1904
1740
1668
1648
1574
1515
1462
1564
1526
1440
1438
1549
1542
1419
1412
1444
1467
1485
1453
1423
1441
1485
1542
1484
1540
1637
1602
1595
1482
1386
1403
1432
1599
1648
1597
1577
1571
1468
1370
1264
1347
1391
1440
1360
1273
1254
1330
1349
1248
1256
1253
1372
1459
1385
1424
1423
1396
1490
1471
1403
1334
1338
1318
1321
1392
1385
1310
1293
1324
1324
1350
1330
1328
1385
1419
1341
1318
1324
1326
1228
1240
1301
1340
1270
1280
1260
1310
1440
1459
1392
1400
1349
1279
1258
1144
1109
1179
1338
1340
1370
1405
1429
1406
1438
1376
1316
1320
1327
1302
1300
1287
1277
1341
1250
1196
1176
1167
1159
1238
1280
1218
1296
1330
1389
1389
1276
1261
1295
1304
1295
1378
1415
1449
1398
1346
1340
1305
1248
1194
1161
1167
1123
1092
1047
976
992
1039
1025
1065
1076
1084
1115
1141
1225
1260
1254
1161
1104
1068
1063
1089
1091
1063
994
1010
1103
1062
948
885
920
965
978
1018
990
1081
1083
1124
1212
1244
1226
1164
1199
1157
1090
982
964
1060
1107
1145
1120
1074
1045
950
963
1048
1057
1082
1092
1025
946
888
878
946
975
955
991
1006
1051
1118
1150
1115
1120
1107
1062
1080
1080
1094
1158
1173
1086
976
935
936
950
999
1132
1092
1061
1050
1073
1097
1130
1101
1047
1088
1138
1244
1335
1389
1410
1443
1492
1559
1497
1398
1331
1209
1105
1088
1092
1135
1075
1069
1050
1029
908
885
873
883
891
954
1071
1087
957
974
1000
1031
1083
1064
1141
1190
1196
1196
1128
1074
1139
1119
1100
1071
995
969
947
911
960
1031
1034
955
838
834
877
910
908
904
895
945
904
890
941
1006
1047
1125
1066
962
821
800
856
832
861
868
844
849
897
973
910
987
1034
1081
1107
1060
997
894
898
920
980
979
1046
997
880
856
855
866
815
883
989
993
855
853
899
919
929
972
958
849
884
953
1030
983
887
897
948
987
968
953
953
879
919
1012
1036
1006
988
985
930
866
832
890
907
1013
983
926
934
919
797
727
797
770
848
904
871
780
700
793
838
733
699
664
706
778
830
831
905
893
791
809
809
834
855
790
761
729
789
850
890
891
882
902
852
837