-4.002020202020201367e+00
-3.977007575757575353e+00
-3.951994949494948450e+00
-3.926982323232322436e+00
-3.901969696969696422e+00
-3.876957070707069963e+00
-3.851944444444443949e+00
-3.826931818181817491e+00
-3.801919191919191476e+00
-3.776906565656565018e+00
-3.751893939393938560e+00
-3.726881313131312545e+00
-3.701868686868686087e+00
-3.676856060606060073e+00
-3.651843434343433614e+00
-3.626830808080807600e+00
-3.601818181818181142e+00
-3.576805555555555127e+00
-3.551792929292928669e+00
-3.526780303030302655e+00
-3.501767676767676196e+00
-3.476755050505049738e+00
-3.451742424242423724e+00
-3.426729797979797265e+00
-3.401717171717171251e+00
-3.376704545454544792e+00
-3.351691919191918778e+00
-3.326679292929292320e+00
-3.301666666666665861e+00
-3.276654040404039847e+00
-3.251641414141413389e+00
-3.226628787878787374e+00
-3.201616161616160916e+00
-3.176603535353534902e+00
-3.151590909090908443e+00
-3.126578282828281985e+00
-3.101565656565655971e+00
-3.076553030303029956e+00
-3.051540404040403498e+00
-3.026527777777777040e+00
-3.001515151515151025e+00
-2.976502525252525011e+00
-2.951489898989898109e+00
-2.926477272727272094e+00
-2.901464646464646080e+00
-2.876452020202019622e+00
-2.851439393939393163e+00
-2.826426767676767149e+00
-2.801414141414141135e+00
-2.776401515151514676e+00
-2.751388888888888218e+00
-2.726376262626262204e+00
-2.701363636363635745e+00
-2.676351010101009287e+00
-2.651338383838383272e+00
-2.626325757575757258e+00
-2.601313131313130800e+00
-2.576300505050504341e+00
-2.551287878787878327e+00
-2.526275252525252313e+00
-2.501262626262625410e+00
-2.476249999999999396e+00
-2.451237373737373382e+00
-2.426224747474746923e+00
-2.401212121212120465e+00
-2.376199494949494451e+00
-2.351186868686868436e+00
-2.326174242424241978e+00
-2.301161616161615520e+00
-2.276148989898989505e+00
-2.251136363636363047e+00
-2.226123737373736589e+00
-2.201111111111110574e+00
-2.176098484848484560e+00
-2.151085858585858102e+00
-2.126073232323231643e+00
-2.101060606060605629e+00
-2.076047979797979615e+00
-2.051035353535352712e+00
-2.026022727272726698e+00
-2.001010101010100684e+00
-1.975997474747474225e+00
-1.950984848484848211e+00
-1.925972222222221752e+00
-1.900959595959595294e+00
-1.875946969696969280e+00
-1.850934343434342821e+00
-1.825921717171716807e+00
-1.800909090909090349e+00
-1.775896464646464334e+00
-1.750883838383837876e+00
-1.725871212121211862e+00
-1.700858585858585403e+00
-1.675845959595958945e+00
-1.650833333333332931e+00
-1.625820707070706472e+00
-1.600808080808080458e+00
-1.575795454545454000e+00
-1.550782828282827985e+00
-1.525770202020201527e+00
-1.500757575757575513e+00
-1.475744949494949054e+00
-1.450732323232322596e+00
-1.425719696969696582e+00
-1.400707070707070123e+00
-1.375694444444444109e+00
-1.350681818181817651e+00
-1.325669191919191636e+00
-1.300656565656565178e+00
-1.275643939393939164e+00
-1.250631313131312705e+00
-1.225618686868686247e+00
-1.200606060606060232e+00
-1.175593434343433774e+00
-1.150580808080807760e+00
-1.125568181818181301e+00
-1.100555555555555287e+00
-1.075542929292928829e+00
-1.050530303030302814e+00
-1.025517676767676356e+00
-1.000505050505049898e+00
-9.754924242424238834e-01
-9.504797979797974250e-01
-9.254671717171714107e-01
-9.004545454545449523e-01
-8.754419191919189380e-01
-8.504292929292924796e-01
-8.254166666666664653e-01
-8.004040404040400070e-01
-7.753914141414135486e-01
-7.503787878787875343e-01
-7.253661616161610759e-01
-7.003535353535350616e-01
-6.753409090909086032e-01
-6.503282828282825889e-01
-6.253156565656561305e-01
-6.003030303030301162e-01
-5.752904040404036579e-01
-5.502777777777771995e-01
-5.252651515151511852e-01
-5.002525252525247268e-01
-4.752398989898987125e-01
-4.502272727272722541e-01
-4.252146464646462398e-01
-4.002020202020197814e-01
-3.751893939393937671e-01
-3.501767676767673088e-01
-3.251641414141408504e-01
-3.001515151515148361e-01
-2.751388888888883777e-01
-2.501262626262623634e-01
-2.251136363636359050e-01
-2.001010101010098907e-01
-1.750883838383834323e-01
-1.500757575757574180e-01
-1.250631313131309597e-01
-1.000505050505045013e-01
-7.503787878787848697e-02
-5.002525252525202859e-02
-2.501262626262601430e-02
0.000000000000000000e+00
2.501262626262690247e-02
5.002525252525291677e-02
7.503787878787893106e-02
1.000505050505049454e-01
1.250631313131318478e-01
1.500757575757578621e-01
1.750883838383838764e-01
2.001010101010107789e-01
2.251136363636367932e-01
2.501262626262628075e-01
2.751388888888888218e-01
3.001515151515157243e-01
3.251641414141417386e-01
3.501767676767677528e-01
3.751893939393946553e-01
4.002020202020206696e-01
4.252146464646466839e-01
4.502272727272726982e-01
4.752398989898996007e-01
5.002525252525256150e-01
5.252651515151516293e-01
5.502777777777776436e-01
5.752904040404045460e-01
6.003030303030305603e-01
6.253156565656565746e-01
6.503282828282834771e-01
6.753409090909094914e-01
7.003535353535355057e-01
7.253661616161615200e-01
7.503787878787884225e-01
7.753914141414144368e-01
8.004040404040404511e-01
8.254166666666673535e-01
8.504292929292933678e-01
8.754419191919193821e-01
9.004545454545453964e-01
9.254671717171722989e-01
9.504797979797983132e-01
9.754924242424243275e-01
1.000505050505050342e+00
1.025517676767677244e+00
1.050530303030303259e+00
1.075542929292929273e+00
1.100555555555556175e+00
1.125568181818182190e+00
1.150580808080808204e+00
1.175593434343434218e+00
1.200606060606061121e+00
1.225618686868687135e+00
1.250631313131313149e+00
1.275643939393940052e+00
1.300656565656566066e+00
1.325669191919192080e+00
1.350681818181818095e+00
1.375694444444444997e+00
1.400707070707071011e+00
1.425719696969697026e+00
1.450732323232323040e+00
1.475744949494949942e+00
1.500757575757575957e+00
1.525770202020201971e+00
1.550782828282828874e+00
1.575795454545454888e+00
1.600808080808080902e+00
1.625820707070706916e+00
1.650833333333333819e+00
1.675845959595959833e+00
1.700858585858585847e+00
1.725871212121212750e+00
1.750883838383838764e+00
1.775896464646464779e+00
1.800909090909090793e+00
1.825921717171717695e+00
1.850934343434343710e+00
1.875946969696969724e+00
1.900959595959595738e+00
1.925972222222222641e+00
1.950984848484848655e+00
1.975997474747474669e+00
2.001010101010101572e+00
2.026022727272727586e+00
2.051035353535353600e+00
2.076047979797979615e+00
2.101060606060606517e+00
2.126073232323232531e+00
2.151085858585858546e+00
2.176098484848485448e+00
2.201111111111111462e+00
2.226123737373737477e+00
2.251136363636363491e+00
2.276148989898990393e+00
2.301161616161616408e+00
2.326174242424242422e+00
2.351186868686868436e+00
2.376199494949495339e+00
2.401212121212121353e+00
2.426224747474747367e+00
2.451237373737374270e+00
2.476250000000000284e+00
2.501262626262626299e+00
2.526275252525252313e+00
2.551287878787879215e+00
2.576300505050505230e+00
2.601313131313131244e+00
2.626325757575757258e+00
2.651338383838384161e+00
2.676351010101010175e+00
2.701363636363636189e+00
2.726376262626263092e+00
2.751388888888889106e+00
2.776401515151515120e+00
2.801414141414141135e+00
2.826426767676768037e+00
2.851439393939394051e+00
2.876452020202020066e+00
2.901464646464646968e+00
2.926477272727272982e+00
2.951489898989898997e+00
2.976502525252525011e+00
3.001515151515151913e+00
3.026527777777777928e+00
3.051540404040403942e+00
3.076553030303029956e+00
3.101565656565656859e+00
3.126578282828282873e+00
3.151590909090908887e+00
3.176603535353535790e+00
3.201616161616161804e+00
3.226628787878787818e+00
3.251641414141413833e+00
3.276654040404040735e+00
3.301666666666666750e+00
3.326679292929292764e+00
3.351691919191919666e+00
3.376704545454545681e+00
3.401717171717171695e+00
3.426729797979797709e+00
3.451742424242424612e+00
3.476755050505050626e+00
3.501767676767676640e+00
3.526780303030302655e+00
3.551792929292929557e+00
3.576805555555555571e+00
3.601818181818181586e+00
3.626830808080808488e+00
3.651843434343434502e+00
3.676856060606060517e+00
3.701868686868686531e+00
3.726881313131313433e+00
3.751893939393939448e+00
3.776906565656565462e+00
3.801919191919192365e+00
3.826931818181818379e+00
3.851944444444444393e+00
3.876957070707070407e+00
3.901969696969697310e+00
3.926982323232323324e+00
3.951994949494949338e+00
3.977007575757575353e+00
4.002020202020201367e+00
4.027032828282829158e+00
4.052045454545455172e+00
4.077058080808081186e+00
4.102070707070707201e+00
4.127083333333333215e+00
4.152095959595959229e+00
4.177108585858585243e+00
4.202121212121211258e+00
4.227133838383839048e+00
4.252146464646465063e+00
4.277159090909091077e+00
4.302171717171717091e+00
4.327184343434343106e+00
4.352196969696969120e+00
4.377209595959595134e+00
4.402222222222222925e+00
4.427234848484848939e+00
4.452247474747474953e+00
4.477260101010100968e+00
4.502272727272726982e+00
4.527285353535352996e+00
4.552297979797979011e+00
4.577310606060606801e+00
4.602323232323232816e+00
4.627335858585858830e+00
4.652348484848484844e+00
4.677361111111110858e+00
4.702373737373736873e+00
4.727386363636362887e+00
4.752398989898990678e+00
4.777411616161616692e+00
4.802424242424242706e+00
4.827436868686868721e+00
4.852449494949494735e+00
4.877462121212120749e+00
4.902474747474746763e+00
4.927487373737374554e+00
4.952500000000000568e+00
4.977512626262626583e+00
5.002525252525252597e+00
5.027537878787878611e+00
5.052550505050504626e+00
5.077563131313130640e+00
5.102575757575756654e+00
5.127588383838384445e+00
5.152601010101010459e+00
5.177613636363636473e+00
5.202626262626262488e+00
5.227638888888888502e+00
5.252651515151514516e+00
5.277664141414140531e+00
5.302676767676768321e+00
5.327689393939394336e+00
5.352702020202020350e+00
5.377714646464646364e+00
5.402727272727272378e+00
5.427739898989898393e+00
5.452752525252524407e+00
5.477765151515152198e+00
5.502777777777778212e+00
5.527790404040404226e+00
5.552803030303030241e+00
5.577815656565656255e+00
5.602828282828282269e+00
5.627840909090908283e+00
5.652853535353536074e+00
5.677866161616162088e+00
5.702878787878788103e+00
5.727891414141414117e+00
5.752904040404040131e+00
5.777916666666666146e+00
5.802929292929292160e+00
5.827941919191918174e+00
5.852954545454545965e+00
5.877967171717171979e+00
5.902979797979797993e+00
5.927992424242424008e+00
5.953005050505050022e+00
5.978017676767676036e+00
6.003030303030302051e+00
6.028042929292929841e+00
6.053055555555555856e+00
6.078068181818181870e+00
6.103080808080807884e+00
6.128093434343433898e+00
6.153106060606059913e+00
6.178118686868685927e+00
6.203131313131313718e+00
6.228143939393939732e+00
6.253156565656565746e+00
6.278169191919191761e+00
6.303181818181817775e+00
6.328194444444443789e+00
6.353207070707069803e+00
6.378219696969697594e+00
6.403232323232323608e+00
6.428244949494949623e+00
6.453257575757575637e+00
6.478270202020201651e+00
6.503282828282827666e+00
6.528295454545453680e+00
6.553308080808081471e+00
6.578320707070707485e+00
6.603333333333333499e+00
6.628345959595959513e+00
6.653358585858585528e+00
6.678371212121211542e+00
6.703383838383837556e+00
6.728396464646463571e+00
6.753409090909091361e+00
6.778421717171717376e+00
6.803434343434343390e+00
6.828446969696969404e+00
6.853459595959595418e+00
6.878472222222221433e+00
6.903484848484847447e+00
6.928497474747475238e+00
6.953510101010101252e+00
6.978522727272727266e+00
7.003535353535353281e+00
7.028547979797979295e+00
7.053560606060605309e+00
7.078573232323231323e+00
7.103585858585859114e+00
7.128598484848485128e+00
7.153611111111111143e+00
7.178623737373737157e+00
7.203636363636363171e+00
7.228648989898989186e+00
7.253661616161615200e+00
7.278674242424242991e+00
7.303686868686869005e+00
7.328699494949495019e+00
7.353712121212121033e+00
7.378724747474747048e+00
7.403737373737373062e+00
7.428749999999999076e+00
7.453762626262626867e+00
7.478775252525252881e+00
7.503787878787878896e+00
7.528800505050504910e+00
7.553813131313130924e+00
7.578825757575756938e+00
7.603838383838382953e+00
7.628851010101008967e+00
7.653863636363636758e+00
7.678876262626262772e+00
7.703888888888888786e+00
7.728901515151514801e+00
7.753914141414140815e+00
7.778926767676766829e+00
7.803939393939392843e+00
7.828952020202020634e+00
7.853964646464646648e+00
7.878977272727272663e+00
7.903989898989898677e+00
7.929002525252524691e+00
7.954015151515150706e+00
7.979027777777776720e+00
8.004040404040404511e+00
8.029053030303030525e+00
8.054065656565656539e+00
8.079078282828282553e+00
8.104090909090908568e+00
8.129103535353534582e+00
8.154116161616160596e+00
8.179128787878788387e+00
8.204141414141414401e+00
8.229154040404040416e+00
8.254166666666666430e+00
8.279179292929292444e+00
8.304191919191918458e+00
8.329204545454544473e+00
8.354217171717172263e+00
8.379229797979798278e+00
8.404242424242424292e+00
8.429255050505050306e+00
8.454267676767676321e+00
8.479280303030302335e+00
8.504292929292928349e+00
8.529305555555554363e+00
8.554318181818182154e+00
8.579330808080808168e+00
8.604343434343434183e+00
8.629356060606060197e+00
8.654368686868686211e+00
8.679381313131312226e+00
8.704393939393938240e+00
8.729406565656566030e+00
8.754419191919192045e+00
8.779431818181818059e+00
8.804444444444444073e+00
8.829457070707070088e+00
8.854469696969696102e+00
8.879482323232322116e+00
8.904494949494949907e+00
8.929507575757575921e+00
8.954520202020201936e+00
8.979532828282827950e+00
9.004545454545453964e+00
9.029558080808079978e+00
9.054570707070705993e+00
9.079583333333333783e+00
9.104595959595959798e+00
9.129608585858585812e+00
9.154621212121211826e+00
9.179633838383837841e+00
9.204646464646463855e+00
9.229659090909089869e+00
9.254671717171715883e+00
9.279684343434343674e+00
9.304696969696969688e+00
9.329709595959595703e+00
9.354722222222221717e+00
9.379734848484847731e+00
9.404747474747473746e+00
9.429760101010099760e+00
9.454772727272727550e+00
9.479785353535353565e+00
9.504797979797979579e+00
9.529810606060605593e+00
9.554823232323231608e+00
9.579835858585857622e+00
9.604848484848483636e+00
9.629861111111111427e+00
9.654873737373737441e+00
9.679886363636363455e+00
9.704898989898989470e+00
9.729911616161615484e+00
9.754924242424241498e+00
9.779936868686867513e+00
9.804949494949495303e+00
9.829962121212121318e+00
9.854974747474747332e+00
9.879987373737373346e+00
9.904999999999999361e+00
9.930012626262625375e+00
9.955025252525251389e+00
9.980037878787879180e+00
1.000505050505050519e+01
1.003006313131313121e+01
1.005507575757575722e+01
1.008008838383838324e+01
1.010510101010100925e+01
1.013011363636363527e+01
1.015512626262626128e+01
1.018013888888888907e+01
1.020515151515151508e+01
1.023016414141414110e+01
1.025517676767676711e+01
1.028018939393939313e+01
1.030520202020201914e+01
1.033021464646464516e+01
1.035522727272727295e+01
1.038023989898989896e+01
1.040525252525252498e+01
1.043026515151515099e+01
1.045527777777777700e+01
1.048029040404040302e+01
1.050530303030302903e+01
1.053031565656565682e+01
1.055532828282828284e+01
1.058034090909090885e+01
1.060535353535353487e+01
1.063036616161616088e+01
1.065537878787878689e+01
1.068039141414141291e+01
1.070540404040404070e+01
1.073041666666666671e+01
1.075542929292929273e+01
1.078044191919191874e+01
1.080545454545454476e+01
1.083046717171717077e+01
1.085547979797979679e+01
1.088049242424242458e+01
1.090550505050505059e+01
1.093051767676767660e+01
1.095553030303030262e+01
1.098054292929292863e+01
1.100555555555555465e+01
1.103056818181818066e+01
1.105558080808080668e+01
1.108059343434343447e+01
1.110560606060606048e+01
1.113061868686868650e+01
1.115563131313131251e+01
1.118064393939393852e+01
1.120565656565656454e+01
1.123066919191919055e+01
1.125568181818181834e+01
1.128069444444444436e+01
1.130570707070707037e+01
1.133071969696969639e+01
1.135573232323232240e+01
1.138074494949494841e+01
1.140575757575757443e+01
1.143077020202020222e+01
1.145578282828282823e+01
1.148079545454545425e+01
1.150580808080808026e+01
1.153082070707070628e+01
1.155583333333333229e+01
1.158084595959595831e+01
1.160585858585858610e+01
1.163087121212121211e+01
1.165588383838383812e+01
1.168089646464646414e+01
1.170590909090909015e+01
1.173092171717171617e+01
1.175593434343434218e+01
1.178094696969696997e+01
1.180595959595959599e+01
1.183097222222222200e+01
1.185598484848484802e+01
1.188099747474747403e+01
1.190601010101010004e+01
1.193102272727272606e+01
1.195603535353535207e+01
1.198104797979797986e+01
1.200606060606060410e+01
1.203107323232323012e+01
1.205608585858585968e+01
1.208109848484848570e+01
1.210611111111111171e+01
1.213112373737373773e+01
1.215613636363636374e+01
1.218114898989898975e+01
1.220616161616161577e+01
1.223117424242424178e+01
1.225618686868686780e+01
1.228119949494949381e+01
1.230621212121211983e+01
1.233122474747474584e+01
1.235623737373737185e+01
1.238124999999999787e+01
1.240626262626262388e+01
1.243127525252525345e+01
1.245628787878787946e+01
1.248130050505050548e+01
1.250631313131313149e+01
1.253132575757575751e+01
1.255633838383838352e+01
1.258135101010100954e+01
1.260636363636363555e+01
1.263137626262626156e+01
1.265638888888888758e+01
1.268140151515151359e+01
1.270641414141413961e+01
1.273142676767676562e+01
1.275643939393939164e+01
1.278145202020202120e+01
1.280646464646464722e+01
1.283147727272727323e+01
1.285648989898989925e+01
1.288150252525252526e+01
1.290651515151515127e+01
1.293152777777777729e+01
1.295654040404040330e+01
1.298155303030302932e+01
1.300656565656565533e+01
1.303157828282828135e+01
1.305659090909090736e+01
1.308160353535353337e+01
1.310661616161615939e+01
1.313162878787878540e+01
1.315664141414141497e+01
1.318165404040404098e+01
1.320666666666666700e+01
1.323167929292929301e+01
1.325669191919191903e+01
1.328170454545454504e+01
1.330671717171717106e+01
1.333172979797979707e+01
1.335674242424242308e+01
1.338175505050504910e+01
1.340676767676767511e+01
1.343178030303030113e+01
1.345679292929292714e+01
1.348180555555555316e+01
1.350681818181818272e+01
1.353183080808080874e+01
1.355684343434343475e+01
1.358185606060606077e+01
1.360686868686868678e+01
1.363188131313131279e+01
1.365689393939393881e+01
1.368190656565656482e+01
1.370691919191919084e+01
1.373193181818181685e+01
1.375694444444444287e+01
1.378195707070706888e+01
1.380696969696969489e+01
1.383198232323232091e+01
1.385699494949495048e+01
1.388200757575757649e+01
1.390702020202020250e+01
1.393203282828282852e+01
1.395704545454545453e+01
1.398205808080808055e+01
1.400707070707070656e+01
1.403208333333333258e+01
1.405709595959595859e+01
1.408210858585858460e+01
1.410712121212121062e+01
1.413213383838383663e+01
1.415714646464646265e+01
1.418215909090908866e+01
1.420717171717171468e+01
1.423218434343434424e+01
1.425719696969697026e+01
1.428220959595959627e+01
1.430722222222222229e+01
1.433223484848484830e+01
1.435724747474747431e+01
1.438226010101010033e+01
1.440727272727272634e+01
1.443228535353535236e+01
1.445729797979797837e+01
1.448231060606060439e+01
1.450732323232323040e+01
1.453233585858585641e+01
1.455734848484848243e+01
1.458236111111111200e+01
1.460737373737373801e+01
1.463238636363636402e+01
1.465739898989899004e+01
1.468241161616161605e+01
1.470742424242424207e+01
1.473243686868686808e+01
1.475744949494949410e+01
1.478246212121212011e+01
1.480747474747474612e+01
1.483248737373737214e+01
1.485749999999999815e+01
1.488251262626262417e+01
1.490752525252525018e+01
1.493253787878787620e+01
1.495755050505050576e+01
1.498256313131313178e+01
1.500757575757575779e+01
1.503258838383838381e+01
1.505760101010100982e+01
1.508261363636363583e+01
1.510762626262626185e+01
1.513263888888888786e+01
1.515765151515151388e+01
1.518266414141413989e+01
1.520767676767676591e+01
1.523268939393939192e+01
1.525770202020201793e+01
1.528271464646464395e+01
1.530772727272727352e+01
1.533273989898989953e+01
1.535775252525252554e+01
1.538276515151515156e+01
1.540777777777777757e+01
1.543279040404040359e+01
1.545780303030302960e+01
1.548281565656565562e+01
1.550782828282828163e+01
1.553284090909090764e+01
1.555785353535353366e+01
1.558286616161615967e+01
1.560787878787878569e+01
1.563289141414141170e+01
1.565790404040403772e+01
1.568291666666666728e+01
1.570792929292929330e+01
1.573294191919191931e+01
1.575795454545454533e+01
1.578296717171717134e+01
1.580797979797979735e+01
1.583299242424242337e+01
1.585800505050504938e+01
1.588301767676767540e+01
1.590803030303030141e+01
1.593304292929292743e+01
1.595805555555555344e+01
1.598306818181817945e+01
1.600808080808080547e+01
1.603309343434343504e+01
1.605810606060605750e+01
1.608311868686868706e+01
1.610813131313130953e+01
1.613314393939393909e+01
1.615815656565656155e+01
1.618316919191919112e+01
1.620818181818181358e+01
1.623319444444444315e+01
1.625820707070706561e+01
1.628321969696969518e+01
1.630823232323231764e+01
1.633324494949494721e+01
1.635825757575756967e+01
1.638327020202019924e+01
1.640828282828282880e+01
1.643329545454545126e+01
1.645830808080808083e+01
1.648332070707070329e+01
1.650833333333333286e+01
1.653334595959595532e+01
1.655835858585858489e+01
1.658337121212120735e+01
1.660838383838383692e+01
1.663339646464645938e+01
1.665840909090908895e+01
1.668342171717171141e+01
1.670843434343434097e+01
1.673344696969696344e+01
1.675845959595959300e+01
1.678347222222222257e+01
1.680848484848484503e+01
1.683349747474747460e+01
1.685851010101009706e+01
1.688352272727272663e+01
1.690853535353534909e+01
1.693354797979797866e+01
1.695856060606060112e+01
1.698357323232323068e+01
1.700858585858585315e+01
1.703359848484848271e+01
1.705861111111110517e+01
1.708362373737373474e+01
1.710863636363636431e+01
1.713364898989898677e+01
1.715866161616161634e+01
1.718367424242423880e+01
1.720868686868686837e+01
1.723369949494949083e+01
1.725871212121212039e+01
1.728372474747474286e+01
1.730873737373737242e+01
1.733374999999999488e+01
1.735876262626262445e+01
1.738377525252524691e+01
1.740878787878787648e+01
1.743380050505049894e+01
1.745881313131312851e+01
1.748382575757575808e+01
1.750883838383838054e+01
1.753385101010101010e+01
1.755886363636363257e+01
1.758387626262626213e+01
1.760888888888888459e+01
1.763390151515151416e+01
1.765891414141413662e+01
1.768392676767676619e+01
1.770893939393938865e+01
1.773395202020201822e+01
1.775896464646464068e+01
1.778397727272727025e+01
1.780898989898989271e+01
1.783400252525252228e+01
1.785901515151515184e+01
1.788402777777777430e+01
1.790904040404040387e+01
1.793405303030302633e+01
1.795906565656565590e+01
1.798407828282827836e+01
1.800909090909090793e+01
1.803410353535353039e+01
1.805911616161615996e+01
1.808412878787878242e+01
1.810914141414141199e+01
1.813415404040403445e+01
1.815916666666666401e+01
1.818417929292929358e+01
1.820919191919191604e+01
1.823420454545454561e+01
1.825921717171716807e+01
1.828422979797979764e+01
1.830924242424242010e+01
1.833425505050504967e+01
1.835926767676767213e+01
1.838428030303030170e+01
1.840929292929292416e+01
1.843430555555555372e+01
1.845931818181817619e+01
1.848433080808080575e+01
1.850934343434342821e+01
1.853435606060605778e+01
1.855936868686868735e+01
1.858438131313130981e+01
1.860939393939393938e+01
1.863440656565656184e+01
1.865941919191919141e+01
1.868443181818181387e+01
1.870944444444444343e+01
1.873445707070706590e+01
1.875946969696969546e+01
1.878448232323231792e+01
1.880949494949494749e+01
1.883450757575756995e+01
1.885952020202019952e+01
1.888453282828282198e+01
1.890954545454545155e+01
1.893455808080808112e+01
1.895957070707070358e+01
1.898458333333333314e+01
1.900959595959595561e+01
1.903460858585858517e+01
1.905962121212120763e+01
1.908463383838383720e+01
1.910964646464645966e+01
1.913465909090908923e+01
1.915967171717171169e+01
1.918468434343434126e+01
1.920969696969696372e+01
1.923470959595959329e+01
1.925972222222221575e+01
1.928473484848484532e+01
1.930974747474747488e+01
1.933476010101009734e+01
1.935977272727272691e+01
1.938478535353534937e+01
1.940979797979797894e+01
1.943481060606060140e+01
1.945982323232323097e+01
1.948483585858585343e+01
1.950984848484848300e+01
1.953486111111110546e+01
1.955987373737373503e+01
1.958488636363635749e+01
1.960989898989898705e+01
1.963491161616161662e+01
1.965992424242423908e+01
1.968493686868686865e+01
1.970994949494949111e+01
1.973496212121212068e+01
1.975997474747474314e+01
1.978498737373737271e+01
1.980999999999999517e+01
1.983501262626262474e+01
1.986002525252524720e+01
1.988503787878787676e+01
1.991005050505049923e+01
1.993506313131312879e+01
1.996007575757575125e+01
1.998508838383838082e+01
2.001010101010101039e+01
2.003511363636363285e+01
2.006012626262626242e+01
2.008513888888888488e+01
2.011015151515151445e+01
2.013516414141413691e+01
2.016017676767676647e+01
2.018518939393938894e+01
2.021020202020201850e+01
2.023521464646464096e+01
2.026022727272727053e+01
2.028523989898989299e+01
2.031025252525252256e+01
2.033526515151514502e+01
2.036027777777777459e+01
2.038529040404040416e+01
2.041030303030302662e+01
2.043531565656565618e+01
2.046032828282827865e+01
2.048534090909090821e+01
2.051035353535353067e+01
2.053536616161616024e+01
2.056037878787878270e+01
2.058539141414141227e+01
2.061040404040403473e+01
2.063541666666666430e+01
2.066042929292928676e+01
2.068544191919191633e+01
2.071045454545454589e+01
2.073546717171716836e+01
2.076047979797979792e+01
2.078549242424242038e+01
2.081050505050504995e+01
2.083551767676767241e+01
2.086053030303030198e+01
2.088554292929292444e+01
2.091055555555555401e+01
2.093556818181817647e+01
2.096058080808080604e+01
2.098559343434342850e+01
2.101060606060605807e+01
2.103561868686868053e+01
2.106063131313131009e+01
2.108564393939393966e+01
2.111065656565656212e+01
2.113566919191919169e+01
2.116068181818181415e+01
2.118569444444444372e+01
2.121070707070706618e+01
2.123571969696969575e+01
2.126073232323231821e+01
2.128574494949494778e+01
2.131075757575757024e+01
2.133577020202019980e+01
2.136078282828282227e+01
2.138579545454545183e+01
2.141080808080807429e+01
2.143582070707070386e+01
2.146083333333333343e+01
2.148584595959595589e+01
2.151085858585858546e+01
2.153587121212120792e+01
2.156088383838383749e+01
2.158589646464645995e+01
2.161090909090908951e+01
2.163592171717171198e+01
2.166093434343434154e+01
2.168594696969696400e+01
2.171095959595959357e+01
2.173597222222221603e+01
2.176098484848484560e+01
2.178599747474746806e+01
2.181101010101009763e+01
2.183602272727272720e+01
2.186103535353534966e+01
2.188604797979797922e+01
2.191106060606060169e+01
2.193607323232323125e+01
2.196108585858585371e+01
2.198609848484848328e+01
2.201111111111110574e+01
2.203612373737373531e+01
2.206113636363635777e+01
2.208614898989898734e+01
2.211116161616160980e+01
2.213617424242423937e+01
2.216118686868686893e+01
2.218619949494949140e+01
2.221121212121212096e+01
2.223622474747474342e+01
2.226123737373737299e+01
2.228624999999999545e+01
2.231126262626262502e+01
2.233627525252524748e+01
2.236128787878787705e+01
2.238630050505049951e+01
2.241131313131312908e+01
2.243632575757575154e+01
2.246133838383838111e+01
2.248635101010100357e+01
2.251136363636363313e+01
2.253637626262626270e+01
2.256138888888888516e+01
2.258640151515151473e+01
2.261141414141413719e+01
2.263642676767676676e+01
2.266143939393938922e+01
2.268645202020201879e+01
2.271146464646464125e+01
2.273647727272727082e+01
2.276148989898989328e+01
2.278650252525252284e+01
2.281151515151514531e+01
2.283652777777777487e+01
2.286154040404039733e+01
2.288655303030302690e+01
2.291156565656565647e+01
2.293657828282827893e+01
2.296159090909090850e+01
2.298660353535353096e+01
2.301161616161616053e+01
2.303662878787878299e+01
2.306164141414141255e+01
2.308665404040403502e+01
2.311166666666666458e+01
2.313667929292928704e+01
2.316169191919191661e+01
2.318670454545453907e+01
2.321171717171716864e+01
2.323672979797979821e+01
2.326174242424242067e+01
2.328675505050505024e+01
2.331176767676767270e+01
2.333678030303030226e+01
2.336179292929292473e+01
2.338680555555555429e+01
2.341181818181817675e+01
2.343683080808080632e+01
2.346184343434342878e+01
2.348685606060605835e+01
2.351186868686868081e+01
2.353688131313131038e+01
2.356189393939393284e+01
2.358690656565656241e+01
2.361191919191919197e+01
2.363693181818181444e+01
2.366194444444444400e+01
2.368695707070706646e+01
2.371196969696969603e+01
2.373698232323231849e+01
2.376199494949494806e+01
2.378700757575757052e+01
2.381202020202020009e+01
2.383703282828282255e+01
2.386204545454545212e+01
2.388705808080807458e+01
2.391207070707070415e+01
2.393708333333332661e+01
2.396209595959595617e+01
2.398710858585858574e+01
2.401212121212120820e+01
2.403713383838383777e+01
2.406214646464646023e+01
2.408715909090908980e+01
2.411217171717171226e+01
2.413718434343434183e+01
2.416219696969696429e+01
2.418720959595959386e+01
2.421222222222221632e+01
2.423723484848484588e+01
2.426224747474746835e+01
2.428726010101009791e+01
2.431227272727272037e+01
2.433728535353534994e+01
2.436229797979797951e+01
2.438731060606060197e+01
2.441232323232323154e+01
2.443733585858585400e+01
2.446234848484848357e+01
2.448736111111110603e+01
2.451237373737373559e+01
2.453738636363635806e+01
2.456239898989898762e+01
2.458741161616161008e+01
2.461242424242423965e+01
2.463743686868686211e+01
2.466244949494949168e+01
2.468746212121212125e+01
2.471247474747474371e+01
2.473748737373737328e+01
2.476249999999999574e+01
2.478751262626262530e+01
2.481252525252524777e+01
2.483753787878787733e+01
2.486255050505049979e+01
2.488756313131312936e+01
2.491257575757575182e+01
2.493758838383838139e+01
2.496260101010100385e+01
2.498761363636363342e+01
2.501262626262625588e+01
2.503763888888888545e+01
2.506265151515151501e+01
2.508766414141413748e+01
2.511267676767676704e+01
2.513768939393938950e+01
2.516270202020201907e+01
2.518771464646464153e+01
2.521272727272727110e+01
2.523773989898989356e+01
2.526275252525252313e+01
2.528776515151514559e+01
2.531277777777777516e+01
2.533779040404039762e+01
2.536280303030302719e+01
2.538781565656564965e+01
2.541282828282827921e+01
2.543784090909090878e+01
2.546285353535353124e+01
2.548786616161616081e+01
2.551287878787878327e+01
2.553789141414141284e+01
2.556290404040403530e+01
2.558791666666666487e+01
2.561292929292928733e+01
2.563794191919191690e+01
2.566295454545453936e+01
2.568796717171716892e+01
2.571297979797979139e+01
2.573799242424242095e+01
2.576300505050505052e+01
2.578801767676767298e+01
2.581303030303030255e+01
2.583804292929292501e+01
2.586305555555555458e+01
2.588806818181817704e+01
2.591308080808080661e+01
2.593809343434342907e+01
2.596310606060605863e+01
2.598811868686868110e+01
2.601313131313131066e+01
2.603814393939393312e+01
2.606315656565656269e+01
2.608816919191918515e+01
2.611318181818181472e+01
2.613819444444444429e+01
2.616320707070706675e+01
2.618821969696969632e+01
2.621323232323231878e+01
2.623824494949494834e+01
2.626325757575757081e+01
2.628827020202020037e+01
2.631328282828282283e+01
2.633829545454545240e+01
2.636330808080807486e+01
2.638832070707070443e+01
2.641333333333332689e+01
2.643834595959595646e+01
2.646335858585857892e+01
2.648837121212120849e+01
2.651338383838383805e+01
2.653839646464646052e+01
2.656340909090909008e+01
2.658842171717171254e+01
2.661343434343434211e+01
2.663844696969696457e+01
2.666345959595959414e+01
2.668847222222221660e+01
2.671348484848484617e+01
2.673849747474746863e+01
2.676351010101009820e+01
2.678852272727272066e+01
2.681353535353535023e+01
2.683854797979797269e+01
2.686356060606060225e+01
2.688857323232323182e+01
2.691358585858585428e+01
2.693859848484848385e+01
2.696361111111110631e+01
2.698862373737373588e+01
2.701363636363635834e+01
2.703864898989898791e+01
2.706366161616161037e+01
2.708867424242423994e+01
2.711368686868686240e+01
2.713869949494949196e+01
2.716371212121211443e+01
2.718872474747474399e+01
2.721373737373737356e+01
2.723874999999999602e+01
2.726376262626262559e+01
2.728877525252524805e+01
2.731378787878787762e+01
2.733880050505050008e+01
2.736381313131312965e+01
2.738882575757575211e+01
2.741383838383838167e+01
2.743885101010100414e+01
2.746386363636363370e+01
2.748887626262625616e+01
2.751388888888888573e+01
2.753890151515150819e+01
2.756391414141413776e+01
2.758892676767676733e+01
2.761393939393938979e+01
2.763895202020201936e+01
2.766396464646464182e+01
2.768897727272727138e+01
2.771398989898989385e+01
2.773900252525252341e+01
2.776401515151514587e+01
2.778902777777777544e+01
2.781404040404039790e+01
2.783905303030302747e+01
2.786406565656564993e+01
2.788907828282827950e+01
2.791409090909090196e+01
2.793910353535353153e+01
2.796411616161616109e+01
2.798912878787878356e+01
2.801414141414140602e+01
2.803915404040403558e+01
2.806416666666665805e+01
2.808917929292928761e+01
2.811419191919191718e+01
2.813920454545453964e+01
2.816421717171716921e+01
2.818922979797979167e+01
2.821424242424242124e+01
2.823925505050504370e+01
2.826426767676767327e+01
2.828928030303029573e+01
2.831429292929292529e+01
2.833930555555554776e+01
2.836431818181817732e+01
2.838933080808079978e+01
2.841434343434342935e+01
2.843935606060605181e+01
2.846436868686868138e+01
2.848938131313131095e+01
2.851439393939393341e+01
2.853940656565656298e+01
2.856441919191918544e+01
2.858943181818181500e+01
2.861444444444443747e+01
2.863945707070706703e+01
2.866446969696968949e+01
2.868948232323231906e+01
2.871449494949494152e+01
2.873950757575757109e+01
2.876452020202019355e+01
2.878953282828282312e+01
2.881454545454544558e+01
2.883955808080807515e+01
2.886457070707070471e+01
2.888958333333332718e+01
2.891459595959595674e+01
2.893960858585857920e+01
2.896462121212120877e+01
2.898963383838383123e+01
2.901464646464646080e+01
2.903965909090908326e+01
2.906467171717171283e+01
2.908968434343433529e+01
2.911469696969696486e+01
2.913970959595958732e+01
2.916472222222221689e+01
2.918973484848484645e+01
2.921474747474746891e+01
2.923976010101009848e+01
2.926477272727272094e+01
2.928978535353535051e+01
2.931479797979797297e+01
2.933981060606060254e+01
2.936482323232322500e+01
2.938983585858585457e+01
2.941484848484847703e+01
2.943986111111110660e+01
2.946487373737372906e+01
2.948988636363635862e+01
2.951489898989898109e+01
2.953991161616161065e+01
2.956492424242424022e+01
2.958993686868686268e+01
2.961494949494949225e+01
2.963996212121211471e+01
2.966497474747474428e+01
2.968998737373736674e+01
2.971499999999999631e+01
2.974001262626261877e+01
2.976502525252524833e+01
2.979003787878787080e+01
2.981505050505050036e+01
2.984006313131312282e+01
2.986507575757575239e+01
2.989008838383837485e+01
2.991510101010100442e+01
2.994011363636363399e+01
2.996512626262625645e+01
2.999013888888888602e+01
3.001515151515150848e+01
3.004016414141413804e+01
3.006517676767676051e+01
3.009018939393939007e+01
3.011520202020201253e+01
3.014021464646464210e+01
3.016522727272726456e+01
3.019023989898989413e+01
3.021525252525251659e+01
3.024026515151514616e+01
3.026527777777776862e+01
3.029029040404039819e+01
3.031530303030302775e+01
3.034031565656565022e+01
3.036532828282827978e+01
3.039034090909090224e+01
3.041535353535353181e+01
3.044036616161615427e+01
3.046537878787878384e+01
3.049039141414140630e+01
3.051540404040403587e+01
3.054041666666665833e+01
3.056542929292928790e+01
3.059044191919191036e+01
3.061545454545453993e+01
3.064046717171716949e+01
3.066547979797979195e+01
3.069049242424242152e+01
3.071550505050504398e+01
3.074051767676767355e+01
3.076553030303029601e+01
3.079054292929292558e+01
3.081555555555554804e+01
3.084056818181817761e+01
3.086558080808080007e+01
3.089059343434342964e+01
3.091560606060605210e+01
3.094061868686868166e+01
3.096563131313130413e+01
3.099064393939393369e+01
3.101565656565656326e+01
3.104066919191918572e+01
3.106568181818181529e+01
3.109069444444443775e+01
3.111570707070706732e+01
3.114071969696968978e+01
3.116573232323231935e+01
3.119074494949494181e+01
3.121575757575757137e+01
3.124077020202019384e+01
3.126578282828282340e+01
3.129079545454544586e+01
3.131580808080807543e+01
3.134082070707069789e+01
3.136583333333332746e+01
3.139084595959595703e+01
3.141585858585857949e+01
3.144087121212120906e+01
3.146588383838383152e+01
3.149089646464646108e+01
3.151590909090908355e+01
3.154092171717171311e+01
3.156593434343433557e+01
3.159094696969696514e+01
3.161595959595958760e+01
3.164097222222221717e+01
3.166598484848483963e+01
3.169099747474746920e+01
3.171601010101009877e+01
3.174102272727272123e+01
3.176603535353535079e+01
3.179104797979797326e+01
3.181606060606060282e+01
3.184107323232322528e+01
3.186608585858585485e+01
3.189109848484847731e+01
3.191611111111110688e+01
3.194112373737372934e+01
3.196613636363635891e+01
3.199114898989898137e+01
3.201616161616161094e+01
3.204117424242423340e+01
3.206618686868686297e+01
3.209119949494949253e+01
3.211621212121211499e+01
3.214122474747474456e+01
3.216623737373736702e+01
3.219124999999999659e+01
3.221626262626261905e+01
3.224127525252524862e+01
3.226628787878787108e+01
3.229130050505050065e+01
3.231631313131312311e+01
3.234132575757575268e+01
3.236633838383837514e+01
3.239135101010100470e+01
3.241636363636362717e+01
3.244137626262625673e+01
3.246638888888888630e+01
3.249140151515150876e+01
3.251641414141413833e+01
3.254142676767676079e+01
3.256643939393939036e+01
3.259145202020201282e+01
3.261646464646464239e+01
3.264147727272726485e+01
3.266648989898989441e+01
3.269150252525251688e+01
3.271651515151514644e+01
3.274152777777776890e+01
3.276654040404039847e+01
3.279155303030302093e+01
3.281656565656565050e+01
3.284157828282828007e+01
3.286659090909090253e+01
3.289160353535353210e+01
3.291661616161615456e+01
3.294162878787878412e+01
3.296664141414140659e+01
3.299165404040403615e+01
3.301666666666665861e+01
3.304167929292928818e+01
3.306669191919191064e+01
3.309170454545454021e+01
3.311671717171716267e+01
3.314172979797979224e+01
3.316674242424242181e+01
3.319175505050504427e+01
3.321676767676767383e+01
3.324178030303029630e+01
3.326679292929292586e+01
3.329180555555554832e+01
3.331681818181817789e+01
3.334183080808080035e+01
3.336684343434342992e+01
3.339185606060605238e+01
3.341686868686868195e+01
3.344188131313130441e+01
3.346689393939393398e+01
3.349190656565655644e+01
3.351691919191918601e+01
3.354193181818181557e+01
3.356694444444443803e+01
3.359195707070706760e+01
3.361696969696969006e+01
3.364198232323231963e+01
3.366699494949494209e+01
3.369200757575757166e+01
3.371702020202019412e+01
3.374203282828282369e+01
3.376704545454544615e+01
3.379205808080807572e+01
3.381707070707069818e+01
3.384208333333332774e+01
3.386709595959595021e+01
3.389210858585857977e+01
3.391712121212120934e+01
3.394213383838383180e+01
3.396714646464646137e+01
3.399215909090908383e+01
3.401717171717171340e+01
3.404218434343433586e+01
3.406719696969696543e+01
3.409220959595958789e+01
3.411722222222221745e+01
3.414223484848483992e+01
3.416724747474746948e+01
3.419226010101009194e+01
3.421727272727272151e+01
3.424228535353535108e+01
3.426729797979797354e+01
3.429231060606060311e+01
3.431732323232322557e+01
3.434233585858585514e+01
3.436734848484847760e+01
3.439236111111110716e+01
3.441737373737372963e+01
3.444238636363635919e+01
3.446739898989898165e+01
3.449241161616161122e+01
3.451742424242423368e+01
3.454243686868686325e+01
3.456744949494948571e+01
3.459246212121211528e+01
3.461747474747474485e+01
3.464248737373736731e+01
3.466749999999999687e+01
3.469251262626261934e+01
3.471752525252524890e+01
3.474253787878787136e+01
3.476755050505050093e+01
3.479256313131312339e+01
3.481757575757575296e+01
3.484258838383837542e+01
3.486760101010100499e+01
3.489261363636362745e+01
3.491762626262625702e+01
3.494263888888887948e+01
3.496765151515150905e+01
3.499266414141413861e+01
3.501767676767676107e+01
3.504268939393939064e+01
3.506770202020201310e+01
3.509271464646464267e+01
3.511772727272726513e+01
3.514273989898989470e+01
3.516775252525251716e+01
3.519276515151514673e+01
3.521777777777776919e+01
3.524279040404039876e+01
3.526780303030302122e+01
3.529281565656565078e+01
3.531782828282827325e+01
3.534284090909090281e+01
3.536785353535353238e+01
3.539286616161615484e+01
3.541787878787878441e+01
3.544289141414140687e+01
3.546790404040403644e+01
3.549291666666665890e+01
3.551792929292928847e+01
3.554294191919191093e+01
3.556795454545454049e+01
3.559296717171716296e+01
3.561797979797979252e+01
3.564299242424241498e+01
3.566800505050504455e+01
3.569301767676767412e+01
3.571803030303029658e+01
3.574304292929292615e+01
3.576805555555554861e+01
3.579306818181817818e+01
3.581808080808080064e+01
3.584309343434343020e+01
3.586810606060605267e+01
3.589311868686868223e+01
3.591813131313130469e+01
3.594314393939393426e+01
3.596815656565655672e+01
3.599316919191918629e+01
3.601818181818180875e+01
3.604319444444443832e+01
3.606820707070706788e+01
3.609321969696969035e+01
3.611823232323231991e+01
3.614324494949494238e+01
3.616825757575757194e+01
3.619327020202019440e+01
3.621828282828282397e+01
3.624329545454544643e+01
3.626830808080807600e+01
3.629332070707069846e+01
3.631833333333332803e+01
3.634334595959595049e+01
3.636835858585858006e+01
3.639337121212120252e+01
3.641838383838383209e+01
3.644339646464646165e+01
3.646840909090908411e+01
3.649342171717171368e+01
3.651843434343433614e+01
3.654344696969696571e+01
3.656845959595958817e+01
3.659347222222221774e+01
3.661848484848484020e+01
3.664349747474746977e+01
3.666851010101009223e+01
3.669352272727272180e+01
3.671853535353534426e+01
3.674354797979797382e+01
3.676856060606060339e+01
3.679357323232322585e+01
3.681858585858585542e+01
3.684359848484847788e+01
3.686861111111110745e+01
3.689362373737372991e+01
3.691863636363635948e+01
3.694364898989898194e+01
3.696866161616161151e+01
3.699367424242423397e+01
3.701868686868686353e+01
3.704369949494948600e+01
3.706871212121211556e+01
3.709372474747473802e+01
3.711873737373736759e+01
3.714374999999999716e+01
3.716876262626261962e+01
3.719377525252524919e+01
3.721878787878787165e+01
3.724380050505050122e+01
3.726881313131312368e+01
3.729382575757575324e+01
3.731883838383837571e+01
3.734385101010100527e+01
3.736886363636362773e+01
3.739387626262625730e+01
3.741888888888887976e+01
3.744390151515150933e+01
3.746891414141413179e+01
3.749392676767676136e+01
3.751893939393939092e+01
3.754395202020201339e+01
3.756896464646464295e+01
3.759397727272726542e+01
3.761898989898989498e+01
3.764400252525251744e+01
3.766901515151514701e+01
3.769402777777776947e+01
3.771904040404039904e+01
3.774405303030302150e+01
3.776906565656565107e+01
3.779407828282827353e+01
3.781909090909090310e+01
3.784410353535352556e+01
3.786911616161615513e+01
3.789412878787878469e+01
3.791914141414140715e+01
3.794415404040403672e+01
3.796916666666665918e+01
3.799417929292928875e+01
3.801919191919191121e+01
3.804420454545454078e+01
3.806921717171716324e+01
3.809422979797979281e+01
3.811924242424241527e+01
3.814425505050504484e+01
3.816926767676766730e+01
3.819428030303029686e+01
3.821929292929292643e+01
3.824430555555554889e+01
3.826931818181817846e+01
3.829433080808080092e+01
3.831934343434343049e+01
3.834435606060605295e+01
3.836936868686868252e+01
3.839438131313130498e+01
3.841939393939393455e+01
3.844440656565655701e+01
3.846941919191918657e+01
3.849443181818180904e+01
3.851944444444443860e+01
3.854445707070706106e+01
3.856946969696969063e+01
3.859448232323232020e+01
3.861949494949494266e+01
3.864450757575757223e+01
3.866952020202019469e+01
3.869453282828282425e+01
3.871954545454544672e+01
3.874455808080807628e+01
3.876957070707069875e+01
3.879458333333332831e+01
3.881959595959595077e+01
3.884460858585858034e+01
3.886962121212120280e+01
3.889463383838383237e+01
3.891964646464645483e+01
3.894465909090908440e+01
3.896967171717171396e+01
3.899468434343433643e+01
3.901969696969696599e+01
3.904470959595958846e+01
3.906972222222221802e+01
3.909473484848484048e+01
3.911974747474747005e+01
3.914476010101009251e+01
3.916977272727272208e+01
3.919478535353534454e+01
3.921979797979797411e+01
3.924481060606059657e+01
3.926982323232322614e+01
3.929483585858585570e+01
3.931984848484847817e+01
3.934486111111110773e+01
3.936987373737373019e+01
3.939488636363635976e+01
3.941989898989898222e+01
3.944491161616161179e+01
3.946992424242423425e+01
3.949493686868686382e+01
3.951994949494948628e+01
3.954496212121211585e+01
3.956997474747473831e+01
3.959498737373736788e+01
3.961999999999999034e+01
3.964501262626261990e+01
3.967002525252524947e+01
3.969503787878787193e+01
3.972005050505050150e+01
3.974506313131312396e+01
3.977007575757575353e+01
3.979508838383837599e+01
3.982010101010100556e+01
3.984511363636362802e+01
3.987012626262625758e+01
3.989513888888888005e+01
3.992015151515150961e+01
3.994516414141413208e+01
3.997017676767676164e+01
3.999518939393938410e+01
4.002020202020201367e+01
4.004521464646464324e+01
4.007022727272726570e+01
4.009523989898989527e+01
4.012025252525251773e+01
4.014526515151514729e+01
4.017027777777776976e+01
4.019529040404039932e+01
4.022030303030302179e+01
4.024531565656565135e+01
4.027032828282827381e+01
4.029534090909090338e+01
4.032035353535352584e+01
4.034536616161615541e+01
4.037037878787878498e+01
4.039539141414140744e+01
4.042040404040403700e+01
4.044541666666665947e+01
4.047042929292928903e+01
4.049544191919191150e+01
4.052045454545454106e+01
4.054546717171716352e+01
4.057047979797979309e+01
4.059549242424241555e+01
4.062050505050504512e+01
4.064551767676766758e+01
4.067053030303029715e+01
4.069554292929291961e+01
4.072055555555554918e+01
4.074556818181817874e+01
4.077058080808080121e+01
4.079559343434343077e+01
4.082060606060605323e+01
4.084561868686868280e+01
4.087063131313130526e+01
4.089564393939393483e+01
4.092065656565655729e+01
4.094566919191918686e+01
4.097068181818180932e+01
4.099569444444443889e+01
4.102070707070706135e+01
4.104571969696969092e+01
4.107073232323231338e+01
4.109574494949494294e+01
4.112075757575757251e+01
4.114577020202019497e+01
4.117078282828282454e+01
4.119579545454544700e+01
4.122080808080807657e+01
4.124582070707069903e+01
4.127083333333332860e+01
4.129584595959595106e+01
4.132085858585858062e+01
4.134587121212120309e+01
4.137088383838383265e+01
4.139589646464645512e+01
4.142090909090908468e+01
4.144592171717170714e+01
4.147093434343433671e+01
4.149594696969696628e+01
4.152095959595958874e+01
4.154597222222221831e+01
4.157098484848484077e+01
4.159599747474747033e+01
4.162101010101009280e+01
4.164602272727272236e+01
4.167103535353534483e+01
4.169604797979797439e+01
4.172106060606059685e+01
4.174607323232322642e+01
4.177108585858584888e+01
4.179609848484847845e+01
4.182111111111110802e+01
4.184612373737373048e+01
4.187113636363636004e+01
4.189614898989898251e+01
4.192116161616161207e+01
4.194617424242423454e+01
4.197118686868686410e+01
4.199619949494948656e+01
4.202121212121211613e+01
4.204622474747473859e+01
4.207123737373736816e+01
4.209624999999999062e+01
4.212126262626262019e+01
4.214627525252524265e+01
4.217128787878787222e+01
4.219630050505050178e+01
4.222131313131312425e+01
4.224632575757575381e+01
4.227133838383837627e+01
4.229635101010100584e+01
4.232136363636362830e+01
4.234637626262625787e+01
4.237138888888888033e+01
4.239640151515150990e+01
4.242141414141413236e+01
4.244642676767676193e+01
4.247143939393938439e+01
4.249645202020201395e+01
4.252146464646463642e+01
4.254647727272726598e+01
4.257148989898989555e+01
4.259650252525251801e+01
4.262151515151514758e+01
4.264652777777777004e+01
4.267154040404039961e+01
4.269655303030302207e+01
4.272156565656565164e+01
4.274657828282827410e+01
4.277159090909090366e+01
4.279660353535352613e+01
4.282161616161615569e+01
4.284662878787877816e+01
4.287164141414140772e+01
4.289665404040403729e+01
4.292166666666665975e+01
4.294667929292928932e+01
4.297169191919191178e+01
4.299670454545454135e+01
4.302171717171716381e+01
4.304672979797979337e+01
4.307174242424241584e+01
4.309675505050504540e+01
4.312176767676766787e+01
4.314678030303029743e+01
4.317179292929291989e+01
4.319680555555554946e+01
4.322181818181817192e+01
4.324683080808080149e+01
4.327184343434343106e+01
4.329685606060605352e+01
4.332186868686868308e+01
4.334688131313130555e+01
4.337189393939393511e+01
4.339690656565655758e+01
4.342191919191918714e+01
4.344693181818180960e+01
4.347194444444443917e+01
4.349695707070706163e+01
4.352196969696969120e+01
4.354698232323231366e+01
4.357199494949494323e+01
4.359700757575756569e+01
4.362202020202019526e+01
4.364703282828282482e+01
4.367204545454544728e+01
4.369705808080807685e+01
4.372207070707069931e+01
4.374708333333332888e+01
4.377209595959595134e+01
4.379710858585858091e+01
4.382212121212120337e+01
4.384713383838383294e+01
4.387214646464645540e+01
4.389715909090908497e+01
4.392217171717170743e+01
4.394718434343433699e+01
4.397219696969695946e+01
4.399720959595958902e+01
4.402222222222221859e+01
4.404723484848484105e+01
4.407224747474747062e+01
4.409726010101009308e+01
4.412227272727272265e+01
4.414728535353534511e+01
4.417229797979797468e+01
4.419731060606059714e+01
4.422232323232322670e+01
4.424733585858584917e+01
4.427234848484847873e+01
4.429736111111110120e+01
4.432237373737373076e+01
4.434738636363636033e+01
4.437239898989898279e+01
4.439741161616161236e+01
4.442242424242423482e+01
4.444743686868686439e+01
4.447244949494948685e+01
4.449746212121211641e+01
4.452247474747473888e+01
4.454748737373736844e+01
4.457249999999999091e+01
4.459751262626262047e+01
4.462252525252524293e+01
4.464753787878787250e+01
4.467255050505049496e+01
4.469756313131312453e+01
4.472257575757575410e+01
4.474758838383837656e+01
4.477260101010100612e+01
4.479761363636362859e+01
4.482262626262625815e+01
4.484763888888888062e+01
4.487265151515151018e+01
4.489766414141413264e+01
4.492267676767676221e+01
4.494768939393938467e+01
4.497270202020201424e+01
4.499771464646463670e+01
4.502272727272726627e+01
4.504773989898988873e+01
4.507275252525251830e+01
4.509776515151514786e+01
4.512277777777777032e+01
4.514779040404039989e+01
4.517280303030302235e+01
4.519781565656565192e+01
4.522282828282827438e+01
4.524784090909090395e+01
4.527285353535352641e+01
4.529786616161615598e+01
4.532287878787877844e+01
4.534789141414140801e+01
4.537290404040403047e+01
4.539791666666666003e+01
4.542292929292928960e+01
4.544794191919191206e+01
4.547295454545454163e+01
4.549796717171716409e+01
4.552297979797979366e+01
