6.361269999999999527e+02
4.989270000000000209e+02
4.981759999999999877e+02
5.775280000000000200e+02
5.692340000000000373e+02
5.381409999999999627e+02
3.707549999999999955e+02
4.337119999999999891e+02
3.928860000000000241e+02
5.042629999999999768e+02
6.160439999999999827e+02
6.733269999999999982e+02
4.188729999999999905e+02
2.883389999999999986e+02
4.355760000000000218e+02
4.319959999999999809e+02
4.742250000000000227e+02
5.647989999999999782e+02
5.735339999999999918e+02
5.123429999999999609e+02
5.366630000000000109e+02
5.752279999999999518e+02
6.896559999999999491e+02
5.498360000000000127e+02
6.543509999999999991e+02
6.564470000000000027e+02
8.036870000000000118e+02
8.297690000000000055e+02
6.820720000000000027e+02
6.759170000000000300e+02
6.247999999999999545e+02
5.829850000000000136e+02
7.431549999999999727e+02
7.747910000000000537e+02
8.379600000000000364e+02
8.003790000000000191e+02
7.335670000000000073e+02
7.975420000000000300e+02
7.823930000000000291e+02
6.299529999999999745e+02
7.399450000000000500e+02
8.174470000000000027e+02
8.409909999999999854e+02
7.704239999999999782e+02
9.502129999999999654e+02
1.042000000000000000e+03
1.071000000000000000e+03
8.710159999999999627e+02
7.520199999999999818e+02
9.192880000000000109e+02
9.081109999999999900e+02
9.753590000000000373e+02
1.142250000000000000e+03
1.146990000000000009e+03
9.468959999999999582e+02
9.363619999999999663e+02
1.068849999999999909e+03
1.095210000000000036e+03
1.141099999999999909e+03
1.199579999999999927e+03
1.099289999999999964e+03
1.200880000000000109e+03
1.344579999999999927e+03
1.168579999999999927e+03
1.146740000000000009e+03
1.231210000000000036e+03
1.315210000000000036e+03
1.322950000000000045e+03
1.388339999999999918e+03
1.282019999999999982e+03
1.388690000000000055e+03
1.449309999999999945e+03
1.499900000000000091e+03
1.612490000000000009e+03
1.901990000000000009e+03
2.002960000000000036e+03
1.895130000000000109e+03
1.799109999999999900e+03
1.807450000000000045e+03
1.679869999999999891e+03
1.719069999999999936e+03
1.934160000000000082e+03
2.182099999999999909e+03
2.341409999999999854e+03
2.371289999999999964e+03
2.485929999999999836e+03
2.687550000000000182e+03
2.891670000000000073e+03
2.962880000000000109e+03
2.870039999999999964e+03
2.850840000000000146e+03
3.029179999999999836e+03
3.351500000000000000e+03
3.518480000000000018e+03
3.474289999999999964e+03
3.478699999999999818e+03
3.623840000000000146e+03
3.891710000000000036e+03
4.139579999999999927e+03
4.587880000000000109e+03
4.674380000000000109e+03
5.011189999999999600e+03
5.189489999999999782e+03
5.432210000000000036e+03
5.689869999999999891e+03
6.369000000000000000e+03
6.681989999999999782e+03
7.144909999999999854e+03
7.822300000000000182e+03
8.479170000000000073e+03
8.408889999999999418e+03
8.904520000000000437e+03
9.485170000000000073e+03
1.011539999999999964e+04
1.119600000000000000e+04
1.245189999999999964e+04
1.312710000000000036e+04
1.438360000000000036e+04
1.541129999999999927e+04
1.693129999999999927e+04
1.796890000000000146e+04
1.957570000000000073e+04
2.110120000000000073e+04
2.329200000000000000e+04
2.506659999999999854e+04
2.647779999999999927e+04
2.903129999999999927e+04
3.176320000000000073e+04
3.434350000000000000e+04
3.708480000000000291e+04
4.054000000000000000e+04
4.453159999999999854e+04
4.831019999999999709e+04
5.298669999999999709e+04
5.867140000000000146e+04
6.396430000000000291e+04
7.023010000000000582e+04
7.809360000000000582e+04
8.789189999999999418e+04
9.912210000000000582e+04
1.125400000000000000e+05
1.291360000000000000e+05
1.504390000000000000e+05
1.749040000000000000e+05
2.059140000000000000e+05
2.480370000000000000e+05
3.012640000000000000e+05
3.683820000000000000e+05
4.568070000000000000e+05
5.660290000000000000e+05
7.007200000000000000e+05
8.593620000000000000e+05
1.043450000000000000e+06
1.242700000000000000e+06
1.461680000000000000e+06
1.682390000000000000e+06
1.893010000000000000e+06
2.081060000000000000e+06
2.234720000000000000e+06
2.337140000000000000e+06
2.377200000000000000e+06
2.365940000000000000e+06
2.314600000000000000e+06
2.228420000000000000e+06
2.124070000000000000e+06
2.001730000000000000e+06
1.871800000000000000e+06
1.745530000000000000e+06
1.624530000000000000e+06
1.501790000000000000e+06
1.382740000000000000e+06
1.266780000000000000e+06
1.151830000000000000e+06
1.042200000000000000e+06
9.367660000000000000e+05
8.411920000000000000e+05
7.522850000000000000e+05
6.657230000000000000e+05
5.903160000000000000e+05
5.227310000000000000e+05
4.637280000000000000e+05
4.052910000000000000e+05
3.529410000000000000e+05
3.094460000000000000e+05
2.746410000000000000e+05
2.422160000000000000e+05
2.115880000000000000e+05
1.867530000000000000e+05
1.662370000000000000e+05
1.480560000000000000e+05
1.316300000000000000e+05
1.169890000000000000e+05
1.040430000000000000e+05
9.182980000000000291e+04
8.193939999999999418e+04
7.345569999999999709e+04
6.613639999999999418e+04
5.998830000000000291e+04
5.455409999999999854e+04
5.006930000000000291e+04
4.551990000000000146e+04
4.110859999999999854e+04
3.702440000000000146e+04
3.308030000000000291e+04
3.052340000000000146e+04
2.775050000000000000e+04
2.552750000000000000e+04
2.317229999999999927e+04
2.098190000000000146e+04
1.923420000000000073e+04
1.738720000000000073e+04
1.590010000000000036e+04
1.530589999999999964e+04
1.453700000000000000e+04
1.353150000000000000e+04
1.249570000000000073e+04
1.179489999999999964e+04
1.110179999999999927e+04
1.036760000000000036e+04
9.830420000000000073e+03
9.234940000000000509e+03
8.758520000000000437e+03
8.645010000000000218e+03
8.283350000000000364e+03
7.937680000000000291e+03
7.348699999999999818e+03
6.811539999999999964e+03
6.266140000000000327e+03
5.937939999999999600e+03
5.886060000000000400e+03
5.622619999999999891e+03
5.379229999999999563e+03
5.291329999999999927e+03
5.157310000000000400e+03
4.858800000000000182e+03
4.923789999999999964e+03
4.646640000000000327e+03
4.595840000000000146e+03
4.347260000000000218e+03
4.105220000000000255e+03
3.903920000000000073e+03
3.798849999999999909e+03
3.934400000000000091e+03
3.924769999999999982e+03
3.759789999999999964e+03
3.476760000000000218e+03
3.334480000000000018e+03
3.396929999999999836e+03
3.366730000000000018e+03
3.474809999999999945e+03
3.375030000000000200e+03
3.145940000000000055e+03
3.114400000000000091e+03
3.179360000000000127e+03
3.161079999999999927e+03
3.059530000000000200e+03
3.069190000000000055e+03
2.973519999999999982e+03
2.912190000000000055e+03
2.949530000000000200e+03
3.107940000000000055e+03
3.331730000000000018e+03
3.035889999999999873e+03
2.970429999999999836e+03
2.843309999999999945e+03
2.681829999999999927e+03
2.914949999999999818e+03
3.090050000000000182e+03
3.004570000000000164e+03
2.852360000000000127e+03
2.715159999999999854e+03
2.893219999999999800e+03
3.047599999999999909e+03
3.040699999999999818e+03
2.954019999999999982e+03
2.963460000000000036e+03
2.998460000000000036e+03
2.822570000000000164e+03
2.907550000000000182e+03
2.990170000000000073e+03
3.059670000000000073e+03
3.004099999999999909e+03
2.943260000000000218e+03
2.901360000000000127e+03
2.796030000000000200e+03
2.931980000000000018e+03
3.034289999999999964e+03
3.076760000000000218e+03
3.216760000000000218e+03
3.183909999999999854e+03
3.224179999999999836e+03
3.141230000000000018e+03
2.938789999999999964e+03
3.128969999999999800e+03
3.343940000000000055e+03
3.437519999999999982e+03
3.528329999999999927e+03
3.506019999999999982e+03
3.231090000000000146e+03
3.132599999999999909e+03
3.328860000000000127e+03
3.149190000000000055e+03
2.977219999999999800e+03
2.901239999999999782e+03
2.971599999999999909e+03
2.927489999999999782e+03
3.090900000000000091e+03
3.074670000000000073e+03
2.994110000000000127e+03
3.083300000000000182e+03
3.074739999999999782e+03
3.157769999999999982e+03
3.035159999999999854e+03
2.868869999999999891e+03
3.043519999999999982e+03
2.946880000000000109e+03
2.906510000000000218e+03
2.841599999999999909e+03
2.790449999999999818e+03
2.790010000000000218e+03
2.797900000000000091e+03
2.786630000000000109e+03
2.796250000000000000e+03
3.060210000000000036e+03
2.881349999999999909e+03
2.612780000000000200e+03
2.523570000000000164e+03
2.722710000000000036e+03
2.799769999999999982e+03
2.770630000000000109e+03
2.741010000000000218e+03
2.775070000000000164e+03
2.554610000000000127e+03
2.521360000000000127e+03
2.687789999999999964e+03
2.710539999999999964e+03
2.500079999999999927e+03
2.433219999999999800e+03
2.503650000000000091e+03
2.522969999999999800e+03
2.476219999999999800e+03
2.448579999999999927e+03
2.578110000000000127e+03
2.814369999999999891e+03
2.726699999999999818e+03
2.468900000000000091e+03
2.459070000000000164e+03
2.618289999999999964e+03
2.614019999999999982e+03
2.450130000000000109e+03
2.419650000000000091e+03
2.471849999999999909e+03
2.318539999999999964e+03
2.145750000000000000e+03
2.155579999999999927e+03
2.462820000000000164e+03
2.651460000000000036e+03
2.605559999999999945e+03
2.401199999999999818e+03
2.370199999999999818e+03
2.554199999999999818e+03
2.470670000000000073e+03
2.525690000000000055e+03
2.604639999999999873e+03
2.599610000000000127e+03
2.574550000000000182e+03
2.629099999999999909e+03
2.394570000000000164e+03
2.331730000000000018e+03
2.548250000000000000e+03
2.565610000000000127e+03
2.822699999999999818e+03
2.829000000000000000e+03
2.622699999999999818e+03
2.597989999999999782e+03
2.835690000000000055e+03
2.705389999999999873e+03
2.642090000000000146e+03
2.659780000000000200e+03
2.596050000000000182e+03
2.545460000000000036e+03
2.491150000000000091e+03
2.465699999999999818e+03
2.611329999999999927e+03
2.839889999999999873e+03
2.782780000000000200e+03
2.785019999999999982e+03
2.880769999999999982e+03
2.804769999999999982e+03
2.884469999999999800e+03
2.938699999999999818e+03
2.814909999999999854e+03
2.995440000000000055e+03
2.728230000000000018e+03
2.641000000000000000e+03
2.576840000000000146e+03
2.574869999999999891e+03
2.467829999999999927e+03
2.630460000000000036e+03
2.717099999999999909e+03
2.767059999999999945e+03
2.896750000000000000e+03
2.662559999999999945e+03
2.511480000000000018e+03
2.669659999999999854e+03
2.579219999999999800e+03
2.699429999999999836e+03
2.746539999999999964e+03
2.671039999999999964e+03
2.681630000000000109e+03
2.895480000000000018e+03
3.136150000000000091e+03
3.286440000000000055e+03
3.129349999999999909e+03
2.993420000000000073e+03
2.953389999999999873e+03
2.672670000000000073e+03
2.604530000000000200e+03
2.652980000000000018e+03
2.849090000000000146e+03
2.953480000000000018e+03
2.703800000000000182e+03
2.788230000000000018e+03
3.117710000000000036e+03
3.076510000000000218e+03
2.944730000000000018e+03
2.993989999999999782e+03
2.902920000000000073e+03
2.895980000000000018e+03
2.827889999999999873e+03
2.903400000000000091e+03
3.024230000000000018e+03
3.009539999999999964e+03
3.023500000000000000e+03
3.127530000000000200e+03
3.094369999999999891e+03
3.020090000000000146e+03
2.928369999999999891e+03
2.551739999999999782e+03
2.615150000000000091e+03
2.877369999999999891e+03
2.952309999999999945e+03
2.802789999999999964e+03
2.668210000000000036e+03
2.837769999999999982e+03
2.928059999999999945e+03
2.924929999999999836e+03
3.002699999999999818e+03
3.059699999999999818e+03
3.178300000000000182e+03
3.284889999999999873e+03
3.148119999999999891e+03
2.982179999999999836e+03
2.993349999999999909e+03
2.884820000000000164e+03
2.812380000000000109e+03
3.071420000000000073e+03
3.310400000000000091e+03
3.434730000000000018e+03
3.264889999999999873e+03
3.156239999999999782e+03
3.183630000000000109e+03
3.300460000000000036e+03
3.200760000000000218e+03
3.127030000000000200e+03
2.946539999999999964e+03
3.081239999999999782e+03
3.051250000000000000e+03
3.067920000000000073e+03
3.090989999999999782e+03
2.794110000000000127e+03
3.057179999999999836e+03
3.019829999999999927e+03
2.885750000000000000e+03
3.276619999999999891e+03
3.347199999999999818e+03
3.388949999999999818e+03
3.184309999999999945e+03
3.095219999999999800e+03
3.084789999999999964e+03
3.202190000000000055e+03
3.567739999999999782e+03
3.579920000000000073e+03
3.434340000000000146e+03
3.523260000000000218e+03
3.626429999999999836e+03
3.449070000000000164e+03
3.285489999999999782e+03
3.331019999999999982e+03
3.404840000000000146e+03
3.293360000000000127e+03
3.187719999999999800e+03
3.515889999999999873e+03
3.556809999999999945e+03
3.642829999999999927e+03
3.497059999999999945e+03
3.341989999999999782e+03
3.464300000000000182e+03
3.534210000000000036e+03
3.541440000000000055e+03
3.421820000000000164e+03
3.478300000000000182e+03
3.205750000000000000e+03
3.234309999999999945e+03
3.013909999999999854e+03
3.219989999999999782e+03
3.532989999999999782e+03
3.841260000000000218e+03
3.857730000000000018e+03
3.488710000000000036e+03
3.409670000000000073e+03
3.334530000000000200e+03
3.345780000000000200e+03
3.526170000000000073e+03
3.576019999999999982e+03
3.313900000000000091e+03
3.185750000000000000e+03
3.312550000000000182e+03
3.135659999999999854e+03
3.142000000000000000e+03
3.246750000000000000e+03
3.354429999999999836e+03
3.376070000000000164e+03
3.394550000000000182e+03
3.355329999999999927e+03
3.635960000000000036e+03
3.695440000000000055e+03
3.490570000000000164e+03
3.171309999999999945e+03
3.321710000000000036e+03
3.329170000000000073e+03
3.227820000000000164e+03
3.380739999999999782e+03
3.665440000000000055e+03
3.482690000000000055e+03
3.294000000000000000e+03
3.274239999999999782e+03
3.126150000000000091e+03
3.234260000000000218e+03
3.098280000000000200e+03
3.284989999999999782e+03
3.352610000000000127e+03
3.363130000000000109e+03
3.472539999999999964e+03
3.481070000000000164e+03
3.425659999999999854e+03
3.389110000000000127e+03
3.690570000000000164e+03
3.695519999999999982e+03
3.592710000000000036e+03
3.747159999999999854e+03
3.663619999999999891e+03
3.546789999999999964e+03
3.181809999999999945e+03
2.964250000000000000e+03
3.199510000000000218e+03
3.333070000000000164e+03
3.177449999999999818e+03
3.270530000000000200e+03
3.360130000000000109e+03
3.440690000000000055e+03
3.480570000000000164e+03
3.662320000000000164e+03
3.530400000000000091e+03
3.225559999999999945e+03
3.312409999999999854e+03
3.171469999999999800e+03
3.431090000000000146e+03
3.293769999999999982e+03
3.480469999999999800e+03
3.590849999999999909e+03
3.751019999999999982e+03
3.645219999999999800e+03
3.620119999999999891e+03
3.558210000000000036e+03
3.642090000000000146e+03
3.449559999999999945e+03
3.149650000000000091e+03
3.285590000000000146e+03
3.232559999999999945e+03
3.336670000000000073e+03
3.233469999999999800e+03
3.236389999999999873e+03
3.230380000000000109e+03
3.215639999999999873e+03
3.333329999999999927e+03
3.300000000000000000e+03
3.159590000000000146e+03
3.022050000000000182e+03
3.093630000000000109e+03
3.055050000000000182e+03
3.126320000000000164e+03
3.572190000000000055e+03
3.637559999999999945e+03
3.345280000000000200e+03
3.303579999999999927e+03
3.321019999999999982e+03
3.347679999999999836e+03
3.365280000000000200e+03
3.427880000000000109e+03
3.201619999999999891e+03
3.134940000000000055e+03
3.015480000000000018e+03
2.899449999999999818e+03
3.078550000000000182e+03
3.269590000000000146e+03
3.301449999999999818e+03
3.464670000000000073e+03
3.362239999999999782e+03
3.440570000000000164e+03
3.500780000000000200e+03
3.583829999999999927e+03
3.547539999999999964e+03
3.300570000000000164e+03
3.134789999999999964e+03
3.104550000000000182e+03
3.067030000000000200e+03
3.113539999999999964e+03
3.101039999999999964e+03
3.042780000000000200e+03
3.041510000000000218e+03
2.931670000000000073e+03
2.887659999999999854e+03
2.988679999999999836e+03
3.475280000000000200e+03
3.538519999999999982e+03
3.611320000000000164e+03
3.403909999999999854e+03
3.526820000000000164e+03
3.342860000000000127e+03
3.318420000000000073e+03
3.287730000000000018e+03
3.049289999999999964e+03
2.935690000000000055e+03
3.082460000000000036e+03
3.167400000000000091e+03
3.004280000000000200e+03
3.081159999999999854e+03
3.180210000000000036e+03
3.228449999999999818e+03
3.348690000000000055e+03
3.149530000000000200e+03
3.181250000000000000e+03
3.259199999999999818e+03
2.986530000000000200e+03
3.064099999999999909e+03
3.184389999999999873e+03
3.377500000000000000e+03
3.303900000000000091e+03
3.327639999999999873e+03
3.623110000000000127e+03
3.781039999999999964e+03
3.563409999999999854e+03
3.250739999999999782e+03
3.379980000000000018e+03
3.264349999999999909e+03
3.352719999999999800e+03
3.283019999999999982e+03
3.328349999999999909e+03
3.319110000000000127e+03
3.437010000000000218e+03
3.413920000000000073e+03
3.364210000000000036e+03
3.264079999999999927e+03
3.475579999999999927e+03
3.475110000000000127e+03
3.612320000000000164e+03
3.429800000000000182e+03
3.414739999999999782e+03
3.464110000000000127e+03
3.550030000000000200e+03
3.540030000000000200e+03
3.557280000000000200e+03
3.586019999999999982e+03
3.518159999999999854e+03
3.395420000000000073e+03
3.357250000000000000e+03
3.682309999999999945e+03
3.269579999999999927e+03
3.440050000000000182e+03
3.504900000000000091e+03
3.549739999999999782e+03
3.723969999999999800e+03
3.566539999999999964e+03
3.650170000000000073e+03
3.659429999999999836e+03
3.638639999999999873e+03
3.537119999999999891e+03
3.648510000000000218e+03
3.638639999999999873e+03
3.580969999999999800e+03
3.485690000000000055e+03
3.718030000000000200e+03
4.047719999999999800e+03
4.072789999999999964e+03
4.145189999999999600e+03
3.897639999999999873e+03
3.829909999999999854e+03
4.002090000000000146e+03
4.053809999999999945e+03
3.881460000000000036e+03
4.043230000000000018e+03
3.949119999999999891e+03
4.101739999999999782e+03
4.198130000000000109e+03
4.213949999999999818e+03
4.039280000000000200e+03
4.058670000000000073e+03
4.339489999999999782e+03
4.243710000000000036e+03
4.155319999999999709e+03
4.160859999999999673e+03
4.211470000000000255e+03
4.059440000000000055e+03
4.079019999999999982e+03
4.011550000000000182e+03
4.167119999999999891e+03
4.144159999999999854e+03
4.332050000000000182e+03
4.296229999999999563e+03
4.232750000000000000e+03
4.342649999999999636e+03
4.181350000000000364e+03
4.287789999999999964e+03
4.240229999999999563e+03
3.951059999999999945e+03
4.110680000000000291e+03
4.489050000000000182e+03
4.342069999999999709e+03
4.281390000000000327e+03
4.092059999999999945e+03
4.008679999999999836e+03
4.139380000000000109e+03
3.859650000000000091e+03
3.994789999999999964e+03
4.023539999999999964e+03
4.334430000000000291e+03
4.479760000000000218e+03
4.292350000000000364e+03
4.118619999999999891e+03
4.115170000000000073e+03
4.132569999999999709e+03
4.339550000000000182e+03
4.706390000000000327e+03
4.395869999999999891e+03
4.237770000000000437e+03
4.417359999999999673e+03
4.343579999999999927e+03
4.619699999999999818e+03
4.794460000000000036e+03
4.569199999999999818e+03
4.604430000000000291e+03
4.470140000000000327e+03
4.572880000000000109e+03
4.563720000000000255e+03
4.617350000000000364e+03
4.700770000000000437e+03
4.857510000000000218e+03
5.058949999999999818e+03
5.166899999999999636e+03
5.145010000000000218e+03
4.990130000000000109e+03
4.728840000000000146e+03
4.884369999999999891e+03
4.854930000000000291e+03
4.872659999999999854e+03
4.839170000000000073e+03
5.153109999999999673e+03
5.200869999999999891e+03
4.836149999999999636e+03
4.554960000000000036e+03
4.965960000000000036e+03
5.287560000000000400e+03
4.878920000000000073e+03
4.706800000000000182e+03
4.730710000000000036e+03
4.591140000000000327e+03
4.747109999999999673e+03
4.669659999999999854e+03
4.641149999999999636e+03
4.592189999999999600e+03
5.106840000000000146e+03
5.209029999999999745e+03
5.124659999999999854e+03
4.984569999999999709e+03
4.752109999999999673e+03
4.954460000000000036e+03
5.064149999999999636e+03
4.796800000000000182e+03
4.952260000000000218e+03
4.902659999999999854e+03
4.757659999999999854e+03
4.868840000000000146e+03
5.235029999999999745e+03
5.192760000000000218e+03
5.048079999999999927e+03
4.995430000000000291e+03
5.108260000000000218e+03
4.971819999999999709e+03
4.869029999999999745e+03
5.058050000000000182e+03
4.987100000000000364e+03
5.033619999999999891e+03
5.394449999999999818e+03
5.355319999999999709e+03
5.047600000000000364e+03
5.377479999999999563e+03
5.290479999999999563e+03
5.354529999999999745e+03
5.103430000000000291e+03
5.184119999999999891e+03
5.330010000000000218e+03
5.436050000000000182e+03
5.368149999999999636e+03
5.182130000000000109e+03
5.148789999999999964e+03
5.088170000000000073e+03
4.847939999999999600e+03
4.942210000000000036e+03
5.143880000000000109e+03
5.167970000000000255e+03
5.429539999999999964e+03
5.620039999999999964e+03
5.871729999999999563e+03
5.746529999999999745e+03
5.810229999999999563e+03
5.685409999999999854e+03
5.603619999999999891e+03
5.622789999999999964e+03
5.846479999999999563e+03
5.750100000000000364e+03
5.455899999999999636e+03
5.332189999999999600e+03
5.309180000000000291e+03
5.322220000000000255e+03
5.410739999999999782e+03
5.566189999999999600e+03
5.714829999999999927e+03
5.874539999999999964e+03
5.889020000000000437e+03
5.932329999999999927e+03
5.702869999999999891e+03
5.826359999999999673e+03
5.821050000000000182e+03
5.702170000000000073e+03
5.709770000000000437e+03
5.610119999999999891e+03
5.520329999999999927e+03
5.743510000000000218e+03
6.268930000000000291e+03
6.267970000000000255e+03
6.174079999999999927e+03
5.989159999999999854e+03
6.295880000000000109e+03
6.183039999999999964e+03
6.131149999999999636e+03
6.167270000000000437e+03
5.866050000000000182e+03
5.584300000000000182e+03
5.860569999999999709e+03
6.006729999999999563e+03
6.105579999999999927e+03
5.811420000000000073e+03
5.682250000000000000e+03
5.673640000000000327e+03
5.631159999999999854e+03
6.095399999999999636e+03
6.223130000000000109e+03
6.036670000000000073e+03
6.081180000000000291e+03
6.702609999999999673e+03
6.374130000000000109e+03
6.065079999999999927e+03
6.058750000000000000e+03
6.197579999999999927e+03
6.201239999999999782e+03
6.001699999999999818e+03
6.067319999999999709e+03
6.002439999999999600e+03
5.997529999999999745e+03
6.035020000000000437e+03
6.029109999999999673e+03
6.175619999999999891e+03
6.333500000000000000e+03
6.407640000000000327e+03
6.299909999999999854e+03
6.068670000000000073e+03
5.959199999999999818e+03
5.977789999999999964e+03
6.298000000000000000e+03
6.323340000000000146e+03
6.219689999999999600e+03
6.547000000000000000e+03
6.593920000000000073e+03
6.355989999999999782e+03
6.662689999999999600e+03
6.405939999999999600e+03
6.175220000000000255e+03
6.291100000000000364e+03
6.524000000000000000e+03
6.097510000000000218e+03
6.347090000000000146e+03
6.116279999999999745e+03
6.134119999999999891e+03
6.057699999999999818e+03
6.215979999999999563e+03
6.518029999999999745e+03
6.256590000000000146e+03
6.454810000000000400e+03
6.690260000000000218e+03
6.467199999999999818e+03
6.466140000000000327e+03
6.455670000000000073e+03
6.766439999999999600e+03
6.745130000000000109e+03
6.353199999999999818e+03
6.191289999999999964e+03
6.463199999999999818e+03
6.293770000000000437e+03
6.173770000000000437e+03
6.368850000000000364e+03
6.619250000000000000e+03
6.376920000000000073e+03
6.636949999999999818e+03
6.687369999999999891e+03
6.489859999999999673e+03
6.415310000000000400e+03
6.705069999999999709e+03
6.758609999999999673e+03
6.771010000000000218e+03
6.624430000000000291e+03
6.176090000000000146e+03
6.153350000000000364e+03
6.206279999999999745e+03
6.566199999999999818e+03
6.718350000000000364e+03
6.606750000000000000e+03
6.454420000000000073e+03
6.104539999999999964e+03
6.243060000000000400e+03
6.353619999999999891e+03
6.543869999999999891e+03
6.805020000000000437e+03
6.809640000000000327e+03
6.655060000000000400e+03
6.598350000000000364e+03
6.377939999999999600e+03
6.200869999999999891e+03
6.432939999999999600e+03
6.930829999999999927e+03
6.933140000000000327e+03
6.940539999999999964e+03
6.564909999999999854e+03
6.621899999999999636e+03
6.784069999999999709e+03
6.808649999999999636e+03
6.741420000000000073e+03
6.882020000000000437e+03
6.650300000000000182e+03
6.455229999999999563e+03
6.654039999999999964e+03
6.827250000000000000e+03
6.812039999999999964e+03
6.754930000000000291e+03
6.598840000000000146e+03
6.412319999999999709e+03
6.790270000000000437e+03
6.994390000000000327e+03
7.222909999999999854e+03
6.941039999999999964e+03
6.536289999999999964e+03
6.465500000000000000e+03
6.510470000000000255e+03
6.370010000000000218e+03
6.328449999999999818e+03
6.841229999999999563e+03
6.974020000000000437e+03
7.027500000000000000e+03
6.991420000000000073e+03
6.542670000000000073e+03
6.571770000000000437e+03
6.797590000000000146e+03
6.818760000000000218e+03
6.862020000000000437e+03
7.006180000000000291e+03
7.018220000000000255e+03
7.032170000000000073e+03
6.738460000000000036e+03
6.833340000000000146e+03
6.789420000000000073e+03
6.756710000000000036e+03
6.823449999999999818e+03
6.840029999999999745e+03
7.043170000000000073e+03
7.129550000000000182e+03
7.228010000000000218e+03
7.358310000000000400e+03
7.341829999999999927e+03
6.889310000000000400e+03
6.725310000000000400e+03
6.998329999999999927e+03
6.974520000000000437e+03
6.950390000000000327e+03
6.993770000000000437e+03
7.131250000000000000e+03
6.929800000000000182e+03
6.804510000000000218e+03
6.938170000000000073e+03
6.940479999999999563e+03
7.012920000000000073e+03
6.653890000000000327e+03
6.592239999999999782e+03
6.897659999999999854e+03
7.038569999999999709e+03
7.167310000000000400e+03
7.114170000000000073e+03
7.264020000000000437e+03
7.359310000000000400e+03
7.350739999999999782e+03
7.106539999999999964e+03
7.190689999999999600e+03
7.588770000000000437e+03
7.368720000000000255e+03
7.294039999999999964e+03
7.453359999999999673e+03
7.489649999999999636e+03
7.284220000000000255e+03
7.108279999999999745e+03
7.155449999999999818e+03
7.469260000000000218e+03
7.456680000000000291e+03
7.144800000000000182e+03
7.219800000000000182e+03
7.526439999999999600e+03
7.596119999999999891e+03
7.891560000000000400e+03
7.797270000000000437e+03
7.933149999999999636e+03
7.869189999999999600e+03
7.916829999999999927e+03
7.939479999999999563e+03
7.896140000000000327e+03
7.874050000000000182e+03
8.222649999999999636e+03
8.195250000000000000e+03
8.045819999999999709e+03
7.854770000000000437e+03
7.693850000000000364e+03
7.539279999999999745e+03
7.461069999999999709e+03
7.814390000000000327e+03
7.781789999999999964e+03
8.017630000000000109e+03
8.258120000000000800e+03
8.412180000000000291e+03
8.644729999999999563e+03
8.231629999999999200e+03
8.510879999999999200e+03
8.486879999999999200e+03
8.460489999999999782e+03
8.631719999999999345e+03
8.770659999999999854e+03
8.607969999999999345e+03
8.462200000000000728e+03
8.840139999999999418e+03
8.834520000000000437e+03
8.400479999999999563e+03
8.284180000000000291e+03
8.779159999999999854e+03
8.664500000000000000e+03
8.392500000000000000e+03
8.503989999999999782e+03
8.532159999999999854e+03
8.568879999999999200e+03
8.872829999999999927e+03
8.839129999999999200e+03
8.679799999999999272e+03
8.722120000000000800e+03
9.013379999999999200e+03
9.294750000000000000e+03
8.997139999999999418e+03
8.906540000000000873e+03
8.870260000000000218e+03
8.698170000000000073e+03
8.860559999999999491e+03
9.160159999999999854e+03
9.104709999999999127e+03
9.063530000000000655e+03
8.978629999999999200e+03
8.872690000000000509e+03
8.747000000000000000e+03
8.780430000000000291e+03
9.004629999999999200e+03
9.155040000000000873e+03
9.312479999999999563e+03
9.072049999999999272e+03
8.884680000000000291e+03
8.924549999999999272e+03
8.765889999999999418e+03
8.756969999999999345e+03
8.309579999999999927e+03
8.731100000000000364e+03
8.808799999999999272e+03
8.763379999999999200e+03
8.805829999999999927e+03
8.788000000000000000e+03
8.818850000000000364e+03
8.896030000000000655e+03
9.018239999999999782e+03
9.257489999999999782e+03
9.214829999999999927e+03
9.096170000000000073e+03
8.920700000000000728e+03
8.716049999999999272e+03
8.350100000000000364e+03
8.298590000000000146e+03
8.547309999999999491e+03
8.511649999999999636e+03
8.436549999999999272e+03
8.276100000000000364e+03
8.209819999999999709e+03
8.202750000000000000e+03
8.520360000000000582e+03
8.725000000000000000e+03
8.557030000000000655e+03
8.489559999999999491e+03
8.871540000000000873e+03
8.896260000000000218e+03
8.893840000000000146e+03
9.057959999999999127e+03
8.855969999999999345e+03
8.645090000000000146e+03
8.530260000000000218e+03
8.161770000000000437e+03
7.906760000000000218e+03
8.235489999999999782e+03
8.285440000000000509e+03
7.871020000000000437e+03
7.836859999999999673e+03
7.962270000000000437e+03
8.388010000000000218e+03
8.660959999999999127e+03
8.421510000000000218e+03
7.956010000000000218e+03
7.858619999999999891e+03
7.767170000000000073e+03
8.036909999999999854e+03
7.705770000000000437e+03
7.749170000000000073e+03
7.787319999999999709e+03
7.489439999999999600e+03
7.317630000000000109e+03
7.250100000000000364e+03
7.075670000000000073e+03
7.223029999999999745e+03
7.380420000000000073e+03
7.385869999999999891e+03
7.202710000000000036e+03
6.962170000000000073e+03
7.122260000000000218e+03
7.293050000000000182e+03
7.142869999999999891e+03
6.907560000000000400e+03
6.679789999999999964e+03
6.847430000000000291e+03
7.332869999999999891e+03
7.730590000000000146e+03
7.678899999999999636e+03
7.268779999999999745e+03
7.076510000000000218e+03
6.893960000000000036e+03
6.699979999999999563e+03
6.781090000000000146e+03
6.676890000000000327e+03
6.520829999999999927e+03
6.363380000000000109e+03
6.443720000000000255e+03
6.256300000000000182e+03
6.366170000000000073e+03
6.371329999999999927e+03
6.531720000000000255e+03
6.638789999999999964e+03
6.173649999999999636e+03
6.111510000000000218e+03
5.896760000000000218e+03
5.976170000000000073e+03
5.962770000000000437e+03
5.695750000000000000e+03
5.485760000000000218e+03
5.580659999999999854e+03
5.792350000000000364e+03
5.934630000000000109e+03
5.708560000000000400e+03
5.350670000000000073e+03
5.473770000000000437e+03
5.607609999999999673e+03
5.549060000000000400e+03
5.620380000000000109e+03
5.736600000000000364e+03
5.441529999999999745e+03
5.234710000000000036e+03
5.165699999999999818e+03
5.204739999999999782e+03
5.014380000000000109e+03
4.917590000000000146e+03
4.746180000000000291e+03
4.770470000000000255e+03
5.004800000000000182e+03
4.901529999999999745e+03
4.944880000000000109e+03
4.890210000000000036e+03
4.864279999999999745e+03
4.732840000000000146e+03
4.715149999999999636e+03
4.880239999999999782e+03
4.976119999999999891e+03
5.082289999999999964e+03
4.849680000000000291e+03
4.860489999999999782e+03
4.987859999999999673e+03
4.975300000000000182e+03
4.660449999999999818e+03
4.518399999999999636e+03
4.436170000000000073e+03
4.458720000000000255e+03
4.490270000000000437e+03
4.592069999999999709e+03
4.912050000000000182e+03
4.678630000000000109e+03
4.694760000000000218e+03
4.454289999999999964e+03
4.156760000000000218e+03
4.069840000000000146e+03
3.994039999999999964e+03
3.920110000000000127e+03
4.260090000000000146e+03
4.258449999999999818e+03
3.730860000000000127e+03
3.890769999999999982e+03
4.221579999999999927e+03
3.728690000000000055e+03
3.692780000000000200e+03
3.507420000000000073e+03
3.725559999999999945e+03
3.887159999999999854e+03
4.077679999999999836e+03
3.961619999999999891e+03
3.556500000000000000e+03
3.465119999999999891e+03
3.522530000000000200e+03
3.474159999999999854e+03
3.487809999999999945e+03
3.355349999999999909e+03
3.468900000000000091e+03
3.390019999999999982e+03
3.397920000000000073e+03
3.300940000000000055e+03
3.353010000000000218e+03
3.455840000000000146e+03
3.478210000000000036e+03
3.314230000000000018e+03
3.207360000000000127e+03
3.144769999999999982e+03
3.100070000000000164e+03
3.205530000000000200e+03
3.218170000000000073e+03
3.384900000000000091e+03
3.278130000000000109e+03
3.388579999999999927e+03
3.076070000000000164e+03
3.115179999999999836e+03
3.248639999999999873e+03
3.278610000000000127e+03
3.134380000000000109e+03
3.200309999999999945e+03
3.374159999999999854e+03
3.312090000000000146e+03
3.151940000000000055e+03
3.313159999999999854e+03
3.194920000000000073e+03
2.948719999999999800e+03
2.866150000000000091e+03
2.782820000000000164e+03
2.856309999999999945e+03
2.941909999999999854e+03
3.004920000000000073e+03
3.043039999999999964e+03
2.848219999999999800e+03
2.739530000000000200e+03
2.561630000000000109e+03
2.738400000000000091e+03
2.778949999999999818e+03
2.969360000000000127e+03
2.837699999999999818e+03
2.531289999999999964e+03
2.706559999999999945e+03
2.645550000000000182e+03
2.964510000000000218e+03
3.111159999999999854e+03
3.076380000000000109e+03
2.899199999999999818e+03
2.929079999999999927e+03
2.628730000000000018e+03
2.691210000000000036e+03
2.676510000000000218e+03
2.544090000000000146e+03
2.611199999999999818e+03
2.495659999999999854e+03
2.532170000000000073e+03
2.570730000000000018e+03
2.385230000000000018e+03
2.263769999999999982e+03
2.316019999999999982e+03
2.295710000000000036e+03
2.255730000000000018e+03
2.349170000000000073e+03
2.413159999999999854e+03
2.483539999999999964e+03
2.592059999999999945e+03
2.553590000000000146e+03
2.422219999999999800e+03
2.363849999999999909e+03
2.527139999999999873e+03
2.345110000000000127e+03
2.136400000000000091e+03
1.962000000000000000e+03
1.816200000000000045e+03
1.898589999999999918e+03
1.902920000000000073e+03
1.950599999999999909e+03
2.116130000000000109e+03
2.091699999999999818e+03
2.211289999999999964e+03
2.128659999999999854e+03
2.296449999999999818e+03
2.243280000000000200e+03
2.034359999999999900e+03
1.924049999999999955e+03
2.155550000000000182e+03
2.076679999999999836e+03
2.194000000000000000e+03
2.307199999999999818e+03
2.148949999999999818e+03
2.054639999999999873e+03
2.203829999999999927e+03
2.323389999999999873e+03
2.277949999999999818e+03
2.152949999999999818e+03
2.103360000000000127e+03
1.935390000000000100e+03
1.868180000000000064e+03
1.851599999999999909e+03
1.877000000000000000e+03
1.901549999999999955e+03
1.722369999999999891e+03
1.584220000000000027e+03
1.888329999999999927e+03
1.683970000000000027e+03
1.596900000000000091e+03
1.416900000000000091e+03
1.494849999999999909e+03
1.693259999999999991e+03
1.716450000000000045e+03
1.790869999999999891e+03
1.786440000000000055e+03
1.866829999999999927e+03
1.901930000000000064e+03
1.866660000000000082e+03
1.831549999999999955e+03
1.778529999999999973e+03
1.686160000000000082e+03
1.682240000000000009e+03
1.675819999999999936e+03
1.779099999999999909e+03
1.606230000000000018e+03
1.606049999999999955e+03
1.706049999999999955e+03
1.715109999999999900e+03
1.978400000000000091e+03
1.722920000000000073e+03
1.872539999999999964e+03
1.661730000000000018e+03
1.627259999999999991e+03
1.697660000000000082e+03
1.514039999999999964e+03
1.431119999999999891e+03
1.588200000000000045e+03
1.715740000000000009e+03
1.667900000000000091e+03
1.775859999999999900e+03
1.816589999999999918e+03
1.831480000000000018e+03
1.809039999999999964e+03
1.762309999999999945e+03
1.763819999999999936e+03
1.633630000000000109e+03
1.578680000000000064e+03
1.585049999999999955e+03
1.645400000000000091e+03
1.697009999999999991e+03
1.593700000000000045e+03
1.504990000000000009e+03
1.477059999999999945e+03
1.635940000000000055e+03
1.630819999999999936e+03
1.647309999999999945e+03
1.585079999999999927e+03
1.522720000000000027e+03
1.547029999999999973e+03
1.490539999999999964e+03
1.493559999999999945e+03
1.510920000000000073e+03
1.474680000000000064e+03
1.457079999999999927e+03
1.336740000000000009e+03
1.315109999999999900e+03
1.207259999999999991e+03
1.450240000000000009e+03
1.454430000000000064e+03
1.503849999999999909e+03
1.551500000000000000e+03
1.518630000000000109e+03
1.371990000000000009e+03
1.291789999999999964e+03
1.283720000000000027e+03
1.338349999999999909e+03
1.403150000000000091e+03
1.204009999999999991e+03
1.186000000000000000e+03
1.284349999999999909e+03
1.432359999999999900e+03
1.408910000000000082e+03
1.330640000000000100e+03
1.376539999999999964e+03
1.477500000000000000e+03
1.447930000000000064e+03
1.373690000000000055e+03
1.299339999999999918e+03
1.406619999999999891e+03
1.183069999999999936e+03
1.243009999999999991e+03
1.329140000000000100e+03
1.355710000000000036e+03
1.499349999999999909e+03
1.314609999999999900e+03
1.226210000000000036e+03
1.228250000000000000e+03
1.406269999999999982e+03
1.514210000000000036e+03
1.360609999999999900e+03
1.298619999999999891e+03
1.371450000000000045e+03
1.473240000000000009e+03
1.449529999999999973e+03
1.440940000000000055e+03
1.226950000000000045e+03
1.242019999999999982e+03
1.272900000000000091e+03
1.371329999999999927e+03
1.323670000000000073e+03
1.328619999999999891e+03
1.278920000000000073e+03
1.295819999999999936e+03
1.326450000000000045e+03
1.370539999999999964e+03
1.228769999999999982e+03
9.701779999999999973e+02
1.053369999999999891e+03
1.199529999999999973e+03
1.328140000000000100e+03
1.331710000000000036e+03
1.199480000000000018e+03
1.227259999999999991e+03
1.106660000000000082e+03
1.066569999999999936e+03
1.231240000000000009e+03
1.043880000000000109e+03
1.072470000000000027e+03
1.163000000000000000e+03
1.126529999999999973e+03
1.087730000000000018e+03
1.152799999999999955e+03
1.190230000000000018e+03
1.087710000000000036e+03
1.109990000000000009e+03
1.053740000000000009e+03
1.158029999999999973e+03
1.143839999999999918e+03
1.115000000000000000e+03
1.079109999999999900e+03
1.249829999999999927e+03
1.254819999999999936e+03
1.292349999999999909e+03
1.342289999999999964e+03
1.183559999999999945e+03
1.295549999999999955e+03
1.162329999999999927e+03
1.092640000000000100e+03
1.050329999999999927e+03
1.034079999999999927e+03
1.322950000000000045e+03
1.161130000000000109e+03
1.076289999999999964e+03
1.226740000000000009e+03
1.106230000000000018e+03
1.088230000000000018e+03
1.214170000000000073e+03
1.216160000000000082e+03
1.091490000000000009e+03
9.716570000000000391e+02
1.143529999999999973e+03
1.210059999999999945e+03
1.244799999999999955e+03
1.263309999999999945e+03
1.171460000000000036e+03
1.165400000000000091e+03
1.319210000000000036e+03
1.374500000000000000e+03
1.377369999999999891e+03
1.347140000000000100e+03
1.380349999999999909e+03
1.261569999999999936e+03
1.125460000000000036e+03
1.293670000000000073e+03
1.281240000000000009e+03
1.139559999999999945e+03
1.233569999999999936e+03
1.261400000000000091e+03
1.217920000000000073e+03
1.204710000000000036e+03
1.070880000000000109e+03
1.085809999999999945e+03
1.220250000000000000e+03
1.259180000000000064e+03
1.084849999999999909e+03
1.153359999999999900e+03
1.086210000000000036e+03
1.019950000000000045e+03
9.467580000000000382e+02
8.837169999999999845e+02
9.754320000000000164e+02
1.058549999999999955e+03
1.166450000000000045e+03
1.128099999999999909e+03
1.048390000000000100e+03
8.861399999999999864e+02
8.807880000000000109e+02
9.473220000000000027e+02
9.495000000000000000e+02
9.096789999999999736e+02
1.087289999999999964e+03
1.143279999999999973e+03
1.174039999999999964e+03
1.050750000000000000e+03
9.903469999999999800e+02
8.861100000000000136e+02
9.797190000000000509e+02
9.612549999999999955e+02
9.958920000000000528e+02
1.011179999999999950e+03
1.022940000000000055e+03
8.206849999999999454e+02
7.988540000000000418e+02
8.665420000000000300e+02
6.852240000000000464e+02
8.227129999999999654e+02
9.060470000000000255e+02
9.493160000000000309e+02
9.991409999999999627e+02
9.410660000000000309e+02
8.093869999999999436e+02
9.982119999999999891e+02
1.136920000000000073e+03
1.012470000000000027e+03
9.546770000000000209e+02
1.067109999999999900e+03
1.171150000000000091e+03
1.125650000000000091e+03
1.179980000000000018e+03
1.143609999999999900e+03
1.013610000000000014e+03
9.174310000000000400e+02
1.040140000000000100e+03
1.045589999999999918e+03
1.169309999999999945e+03
1.071460000000000036e+03
1.238349999999999909e+03
1.096450000000000045e+03
9.252419999999999618e+02
9.540380000000000109e+02
9.580270000000000437e+02
1.061809999999999945e+03
9.674189999999999827e+02
1.002730000000000018e+03
1.016279999999999973e+03
1.035069999999999936e+03
9.792759999999999536e+02
8.418980000000000246e+02
8.180270000000000437e+02
8.266699999999999591e+02
9.448020000000000209e+02
1.044630000000000109e+03
1.020970000000000027e+03
1.076940000000000055e+03
1.054950000000000045e+03
9.374460000000000264e+02
1.052680000000000064e+03
1.075940000000000055e+03
1.069470000000000027e+03
1.127650000000000091e+03
1.026710000000000036e+03
9.743410000000000082e+02
8.881209999999999809e+02
8.960779999999999745e+02
9.310919999999999845e+02
1.054480000000000018e+03
9.656040000000000418e+02
1.011360000000000014e+03
1.115130000000000109e+03
1.263349999999999909e+03
1.270920000000000073e+03
1.094519999999999982e+03
1.091319999999999936e+03
1.106529999999999973e+03
1.119640000000000100e+03
1.129849999999999909e+03
1.051460000000000036e+03
1.042410000000000082e+03
9.783279999999999745e+02
1.167410000000000082e+03
1.141359999999999900e+03
1.071000000000000000e+03
1.008370000000000005e+03
1.019210000000000036e+03
1.040920000000000073e+03
9.490309999999999491e+02
1.023629999999999995e+03
9.310130000000000337e+02
1.054819999999999936e+03
1.085309999999999945e+03
9.747830000000000155e+02
9.947590000000000146e+02
1.058279999999999973e+03
1.075309999999999945e+03
9.365839999999999463e+02
8.454329999999999927e+02
8.391059999999999945e+02
8.689299999999999500e+02
9.790990000000000464e+02
1.000379999999999995e+03
1.001710000000000036e+03
9.184550000000000409e+02
8.099279999999999973e+02
7.468550000000000182e+02
7.805549999999999500e+02
8.650589999999999691e+02
8.413780000000000427e+02
9.151509999999999536e+02
8.314009999999999536e+02
9.039400000000000546e+02
8.751979999999999791e+02
8.911649999999999636e+02
8.596789999999999736e+02
9.493450000000000273e+02
9.928060000000000400e+02
9.501240000000000236e+02
9.788790000000000191e+02
9.743819999999999482e+02
8.979039999999999964e+02
9.454750000000000227e+02
9.724080000000000155e+02
9.004400000000000546e+02
8.554299999999999500e+02
8.842870000000000346e+02
9.725270000000000437e+02
7.714009999999999536e+02
8.790969999999999800e+02
9.451330000000000382e+02
1.092500000000000000e+03
9.454410000000000309e+02
8.572150000000000318e+02
7.439880000000000564e+02
6.366409999999999627e+02
7.398250000000000455e+02
6.979370000000000118e+02
8.123700000000000045e+02
8.629729999999999563e+02
8.206330000000000382e+02
7.891240000000000236e+02
6.206280000000000427e+02
7.237100000000000364e+02
6.429389999999999645e+02
6.992269999999999754e+02
7.913239999999999554e+02
8.002390000000000327e+02
8.371119999999999663e+02
7.697440000000000282e+02
7.749579999999999700e+02
8.328479999999999563e+02
1.004899999999999977e+03
9.568070000000000164e+02
1.035809999999999945e+03
8.936929999999999836e+02
8.911280000000000427e+02
9.741720000000000255e+02
1.032240000000000009e+03
9.025339999999999918e+02
1.048769999999999982e+03
9.835280000000000200e+02
1.035430000000000064e+03
9.235689999999999600e+02
8.894569999999999936e+02
9.024930000000000518e+02
8.739320000000000164e+02
7.101950000000000500e+02
7.323830000000000382e+02
7.906449999999999818e+02
7.711779999999999973e+02
8.091950000000000500e+02
9.865539999999999736e+02
8.411269999999999527e+02
8.466299999999999955e+02
9.496290000000000191e+02
1.052910000000000082e+03
1.026859999999999900e+03
1.028960000000000036e+03
9.412200000000000273e+02
9.702569999999999482e+02
1.064869999999999891e+03
9.711620000000000346e+02
1.001360000000000014e+03
9.767740000000000009e+02
1.089160000000000082e+03
1.069259999999999991e+03
1.046130000000000109e+03
9.357329999999999472e+02
8.273189999999999600e+02
7.615030000000000427e+02
8.510199999999999818e+02
8.754800000000000182e+02
9.410689999999999600e+02
9.750599999999999454e+02
1.090990000000000009e+03
9.850720000000000027e+02
9.429349999999999454e+02
1.044619999999999891e+03
1.083349999999999909e+03
1.020279999999999973e+03
8.678799999999999955e+02
7.943310000000000173e+02
9.381799999999999500e+02
9.925470000000000255e+02
8.736829999999999927e+02
9.572169999999999845e+02
1.075130000000000109e+03
9.610829999999999700e+02
1.022070000000000050e+03
1.123750000000000000e+03
1.035670000000000073e+03
1.076390000000000100e+03
9.869080000000000155e+02
9.920729999999999791e+02
8.718469999999999800e+02
8.197820000000000391e+02
9.387060000000000173e+02
9.745339999999999918e+02
9.407770000000000437e+02
1.053869999999999891e+03
1.088059999999999945e+03
1.266950000000000045e+03
1.117390000000000100e+03
9.693110000000000355e+02
1.023830000000000041e+03
1.156250000000000000e+03
1.203890000000000100e+03
1.067319999999999936e+03
1.049369999999999891e+03
1.145430000000000064e+03
1.128609999999999900e+03
1.193529999999999973e+03
1.124230000000000018e+03
1.120109999999999900e+03
1.251740000000000009e+03
1.168789999999999964e+03
1.126140000000000100e+03
1.113579999999999927e+03
1.227000000000000000e+03
1.145039999999999964e+03
1.103640000000000100e+03
1.108109999999999900e+03
1.249390000000000100e+03
1.186259999999999991e+03
1.034599999999999909e+03
1.151650000000000091e+03
1.003409999999999968e+03
9.752949999999999591e+02
1.039089999999999918e+03
1.037769999999999982e+03
9.872970000000000255e+02
1.121619999999999891e+03
1.046539999999999964e+03
1.118940000000000055e+03
1.100829999999999927e+03
1.104309999999999945e+03
1.164369999999999891e+03
1.041789999999999964e+03
1.176900000000000091e+03
1.360690000000000055e+03
1.381069999999999936e+03
1.261029999999999973e+03
1.125410000000000082e+03
1.227529999999999973e+03
1.283759999999999991e+03
1.302789999999999964e+03
1.327650000000000091e+03
1.248259999999999991e+03
1.252380000000000109e+03
1.144740000000000009e+03
1.070740000000000009e+03
1.099910000000000082e+03
1.050000000000000000e+03
1.169650000000000091e+03
1.180069999999999936e+03
1.135180000000000064e+03
1.215460000000000036e+03
1.235150000000000091e+03
1.244220000000000027e+03
1.355359999999999900e+03
1.430430000000000064e+03
1.347789999999999964e+03
1.196920000000000073e+03
1.155210000000000036e+03
1.129130000000000109e+03
1.062309999999999945e+03
9.947110000000000127e+02
1.180710000000000036e+03
1.222960000000000036e+03
1.137660000000000082e+03
1.339559999999999945e+03
1.459990000000000009e+03
1.306059999999999945e+03
1.305450000000000045e+03
1.201930000000000064e+03
1.143970000000000027e+03
1.107460000000000036e+03
1.232250000000000000e+03
1.235420000000000073e+03
1.327859999999999900e+03
1.470490000000000009e+03
1.509059999999999945e+03
1.324509999999999991e+03
1.368529999999999973e+03
1.412430000000000064e+03
1.238400000000000091e+03
1.139930000000000064e+03
1.313210000000000036e+03
1.284880000000000109e+03
1.206250000000000000e+03
1.154109999999999900e+03
1.185609999999999900e+03
1.412549999999999955e+03
1.373150000000000091e+03
1.375109999999999900e+03
1.195009999999999991e+03
1.218650000000000091e+03
1.207480000000000018e+03
1.146809999999999945e+03
1.161039999999999964e+03
1.220759999999999991e+03
1.331430000000000064e+03
1.314859999999999900e+03
1.261309999999999945e+03
1.225440000000000055e+03
1.346029999999999973e+03
1.220750000000000000e+03
1.128359999999999900e+03
1.145069999999999936e+03
9.951269999999999527e+02
1.179859999999999900e+03
1.185359999999999900e+03
1.254400000000000091e+03
1.395670000000000073e+03
1.561380000000000109e+03
1.240470000000000027e+03
1.036690000000000055e+03
1.188049999999999955e+03
1.208349999999999909e+03
1.290069999999999936e+03
1.225509999999999991e+03
1.244779999999999973e+03
1.183910000000000082e+03
1.107549999999999955e+03
1.069940000000000055e+03
1.103210000000000036e+03
1.435579999999999927e+03
1.245440000000000055e+03
1.195859999999999900e+03
1.217640000000000100e+03
1.127269999999999982e+03
1.091220000000000027e+03
1.180089999999999918e+03
1.161960000000000036e+03
1.306450000000000045e+03
1.419859999999999900e+03
1.336039999999999964e+03
1.408690000000000055e+03
1.448009999999999991e+03
1.387750000000000000e+03
1.379319999999999936e+03
1.282140000000000100e+03
1.245890000000000100e+03
1.227759999999999991e+03
1.195430000000000064e+03
1.230170000000000073e+03
1.205740000000000009e+03
1.023830000000000041e+03
8.873690000000000282e+02
1.004940000000000055e+03
1.231869999999999891e+03
1.180269999999999982e+03
1.035079999999999927e+03
1.004690000000000055e+03
1.057789999999999964e+03
1.191359999999999900e+03
1.160250000000000000e+03
1.014309999999999945e+03
1.238339999999999918e+03
1.257779999999999973e+03
1.036880000000000109e+03
1.001309999999999945e+03
1.037920000000000073e+03
1.062119999999999891e+03
1.033839999999999918e+03
1.273349999999999909e+03
1.157369999999999891e+03
9.944950000000000045e+02
1.026220000000000027e+03
1.130349999999999909e+03
1.258809999999999945e+03
1.163289999999999964e+03
1.126690000000000055e+03
1.192650000000000091e+03
1.258750000000000000e+03
1.250440000000000055e+03
1.180990000000000009e+03
1.111640000000000100e+03
1.275440000000000055e+03
1.221859999999999900e+03
1.172500000000000000e+03
1.204069999999999936e+03
1.189660000000000082e+03
1.199259999999999991e+03
1.162460000000000036e+03
1.235490000000000009e+03
1.217960000000000036e+03
1.313920000000000073e+03
1.396920000000000073e+03
1.242130000000000109e+03
1.283160000000000082e+03
1.125759999999999991e+03
1.206930000000000064e+03
1.239170000000000073e+03
1.108049999999999955e+03
1.141059999999999945e+03
1.172599999999999909e+03
1.146819999999999936e+03
1.104210000000000036e+03
1.056490000000000009e+03
9.682190000000000509e+02
8.201889999999999645e+02
8.418319999999999936e+02
1.052289999999999964e+03
1.006399999999999977e+03
9.648990000000000009e+02
8.885030000000000427e+02
1.067569999999999936e+03
1.275390000000000100e+03
1.333680000000000064e+03
1.300009999999999991e+03
9.754109999999999445e+02
9.170349999999999682e+02
