-4.002020202020201367e+00 -3.410605131648480892e-13
-3.977007575757575353e+00 2.842170943040400743e-13
-3.951994949494948450e+00 3.410605131648480892e-13
-3.926982323232322436e+00 6.821210263296961784e-13
-3.901969696969696422e+00 -2.273736754432320595e-13
-3.876957070707069963e+00 2.273736754432320595e-13
-3.851944444444443949e+00 1.136868377216160297e-13
-3.826931818181817491e+00 3.410605131648480892e-13
-3.801919191919191476e+00 1.705302565824240446e-13
-3.776906565656565018e+00 1.705302565824240446e-13
-3.751893939393938560e+00 -7.958078640513122082e-13
-3.726881313131312545e+00 -1.136868377216160297e-13
-3.701868686868686087e+00 3.410605131648480892e-13
-3.676856060606060073e+00 0.000000000000000000e+00
-3.651843434343433614e+00 -5.684341886080801487e-13
-3.626830808080807600e+00 4.547473508864641190e-13
-3.601818181818181142e+00 3.979039320256561041e-13
-3.576805555555555127e+00 6.821210263296961784e-13
-3.551792929292928669e+00 2.273736754432320595e-13
-3.526780303030302655e+00 -5.684341886080801487e-13
-3.501767676767676196e+00 -3.410605131648480892e-13
-3.476755050505049738e+00 5.684341886080801487e-13
-3.451742424242423724e+00 2.273736754432320595e-13
-3.426729797979797265e+00 4.547473508864641190e-13
-3.401717171717171251e+00 2.273736754432320595e-13
-3.376704545454544792e+00 0.000000000000000000e+00
-3.351691919191918778e+00 0.000000000000000000e+00
-3.326679292929292320e+00 -1.136868377216160297e-13
-3.301666666666665861e+00 0.000000000000000000e+00
-3.276654040404039847e+00 -5.684341886080801487e-13
-3.251641414141413389e+00 3.410605131648480892e-13
-3.226628787878787374e+00 -3.410605131648480892e-13
-3.201616161616160916e+00 4.547473508864641190e-13
-3.176603535353534902e+00 3.410605131648480892e-13
-3.151590909090908443e+00 6.821210263296961784e-13
-3.126578282828281985e+00 -5.684341886080801487e-13
-3.101565656565655971e+00 0.000000000000000000e+00
-3.076553030303029956e+00 -6.821210263296961784e-13
-3.051540404040403498e+00 6.821210263296961784e-13
-3.026527777777777040e+00 -5.684341886080801487e-13
-3.001515151515151025e+00 2.273736754432320595e-13
-2.976502525252525011e+00 0.000000000000000000e+00
-2.951489898989898109e+00 -1.136868377216160297e-12
-2.926477272727272094e+00 6.821210263296961784e-13
-2.901464646464646080e+00 -1.136868377216160297e-12
-2.876452020202019622e+00 0.000000000000000000e+00
-2.851439393939393163e+00 0.000000000000000000e+00
-2.826426767676767149e+00 -9.094947017729282379e-13
-2.801414141414141135e+00 4.547473508864641190e-13
-2.776401515151514676e+00 -3.410605131648480892e-13
-2.751388888888888218e+00 5.684341886080801487e-13
-2.726376262626262204e+00 1.136868377216160297e-12
-2.701363636363635745e+00 0.000000000000000000e+00
-2.676351010101009287e+00 6.821210263296961784e-13
-2.651338383838383272e+00 -5.684341886080801487e-13
-2.626325757575757258e+00 -4.547473508864641190e-13
-2.601313131313130800e+00 9.094947017729282379e-13
-2.576300505050504341e+00 6.821210263296961784e-13
-2.551287878787878327e+00 9.094947017729282379e-13
-2.526275252525252313e+00 -1.364242052659392357e-12
-2.501262626262625410e+00 -6.821210263296961784e-13
-2.476249999999999396e+00 9.094947017729282379e-13
-2.451237373737373382e+00 -1.364242052659392357e-12
-2.426224747474746923e+00 -1.364242052659392357e-12
-2.401212121212120465e+00 6.821210263296961784e-13
-2.376199494949494451e+00 4.547473508864641190e-13
-2.351186868686868436e+00 0.000000000000000000e+00
-2.326174242424241978e+00 1.364242052659392357e-12
-2.301161616161615520e+00 1.818989403545856476e-12
-2.276148989898989505e+00 1.136868377216160297e-12
-2.251136363636363047e+00 -9.094947017729282379e-13
-2.226123737373736589e+00 9.094947017729282379e-13
-2.201111111111110574e+00 6.821210263296961784e-13
-2.176098484848484560e+00 -9.094947017729282379e-13
-2.151085858585858102e+00 -1.591615728102624416e-12
-2.126073232323231643e+00 -2.046363078989088535e-12
-2.101060606060605629e+00 -1.136868377216160297e-12
-2.076047979797979615e+00 -4.547473508864641190e-13
-2.051035353535352712e+00 1.591615728102624416e-12
-2.026022727272726698e+00 6.821210263296961784e-13
-2.001010101010100684e+00 -2.046363078989088535e-12
-1.975997474747474225e+00 -2.273736754432320595e-12
-1.950984848484848211e+00 -2.273736754432320595e-12
-1.925972222222221752e+00 -2.728484105318784714e-12
-1.900959595959595294e+00 2.728484105318784714e-12
-1.875946969696969280e+00 3.183231456205248833e-12
-1.850934343434342821e+00 -4.547473508864641190e-13
-1.825921717171716807e+00 -9.094947017729282379e-13
-1.800909090909090349e+00 -1.818989403545856476e-12
-1.775896464646464334e+00 9.094947017729282379e-13
-1.750883838383837876e+00 2.728484105318784714e-12
-1.725871212121211862e+00 4.092726157978177071e-12
-1.700858585858585403e+00 0.000000000000000000e+00
-1.675845959595958945e+00 -2.728484105318784714e-12
-1.650833333333332931e+00 -9.094947017729282379e-13
-1.625820707070706472e+00 -2.273736754432320595e-12
-1.600808080808080458e+00 2.728484105318784714e-12
-1.575795454545454000e+00 1.364242052659392357e-12
-1.550782828282827985e+00 4.547473508864641190e-12
-1.525770202020201527e+00 -2.728484105318784714e-12
-1.500757575757575513e+00 -2.728484105318784714e-12
-1.475744949494949054e+00 -1.818989403545856476e-12
-1.450732323232322596e+00 3.637978807091712952e-12
-1.425719696969696582e+00 0.000000000000000000e+00
-1.400707070707070123e+00 2.728484105318784714e-12
-1.375694444444444109e+00 0.000000000000000000e+00
-1.350681818181817651e+00 4.547473508864641190e-12
-1.325669191919191636e+00 6.366462912410497665e-12
-1.300656565656565178e+00 7.275957614183425903e-12
-1.275643939393939164e+00 3.637978807091712952e-12
-1.250631313131312705e+00 -1.091393642127513885e-11
-1.225618686868686247e+00 -7.275957614183425903e-12
-1.200606060606060232e+00 5.456968210637569427e-12
-1.175593434343433774e+00 -1.091393642127513885e-11
-1.150580808080807760e+00 0.000000000000000000e+00
-1.125568181818181301e+00 -1.273292582482099533e-11
-1.100555555555555287e+00 1.273292582482099533e-11
-1.075542929292928829e+00 1.273292582482099533e-11
-1.050530303030302814e+00 -1.273292582482099533e-11
-1.025517676767676356e+00 -1.818989403545856476e-11
-1.000505050505049898e+00 -1.455191522836685181e-11
-9.754924242424238834e-01 2.182787284255027771e-11
-9.504797979797974250e-01 2.182787284255027771e-11
-9.254671717171714107e-01 0.000000000000000000e+00
-9.004545454545449523e-01 -1.455191522836685181e-11
-8.754419191919189380e-01 -2.546585164964199066e-11
-8.504292929292924796e-01 -2.546585164964199066e-11
-8.254166666666664653e-01 2.910383045673370361e-11
-8.004040404040400070e-01 0.000000000000000000e+00
-7.753914141414135486e-01 -2.910383045673370361e-11
-7.503787878787875343e-01 0.000000000000000000e+00
-7.253661616161610759e-01 -4.365574568510055542e-11
-7.003535353535350616e-01 -2.182787284255027771e-11
-6.753409090909086032e-01 -2.910383045673370361e-11
-6.503282828282825889e-01 5.820766091346740723e-11
-6.253156565656561305e-01 6.548361852765083313e-11
-6.003030303030301162e-01 -5.820766091346740723e-11
-5.752904040404036579e-01 -4.365574568510055542e-11
-5.502777777777771995e-01 0.000000000000000000e+00
-5.252651515151511852e-01 4.365574568510055542e-11
-5.002525252525247268e-01 0.000000000000000000e+00
-4.752398989898987125e-01 0.000000000000000000e+00
-4.502272727272722541e-01 0.000000000000000000e+00
-4.252146464646462398e-01 0.000000000000000000e+00
-4.002020202020197814e-01 0.000000000000000000e+00
-3.751893939393937671e-01 0.000000000000000000e+00
-3.501767676767673088e-01 0.000000000000000000e+00
-3.251641414141408504e-01 0.000000000000000000e+00
-3.001515151515148361e-01 0.000000000000000000e+00
-2.751388888888883777e-01 0.000000000000000000e+00
-2.501262626262623634e-01 0.000000000000000000e+00
-2.251136363636359050e-01 0.000000000000000000e+00
-2.001010101010098907e-01 0.000000000000000000e+00
-1.750883838383834323e-01 0.000000000000000000e+00
-1.500757575757574180e-01 0.000000000000000000e+00
-1.250631313131309597e-01 0.000000000000000000e+00
-1.000505050505045013e-01 0.000000000000000000e+00
-7.503787878787848697e-02 0.000000000000000000e+00
-5.002525252525202859e-02 0.000000000000000000e+00
-2.501262626262601430e-02 0.000000000000000000e+00
0.000000000000000000e+00 0.000000000000000000e+00
2.501262626262690247e-02 0.000000000000000000e+00
5.002525252525291677e-02 0.000000000000000000e+00
7.503787878787893106e-02 0.000000000000000000e+00
1.000505050505049454e-01 0.000000000000000000e+00
1.250631313131318478e-01 0.000000000000000000e+00
1.500757575757578621e-01 0.000000000000000000e+00
1.750883838383838764e-01 0.000000000000000000e+00
2.001010101010107789e-01 0.000000000000000000e+00
2.251136363636367932e-01 0.000000000000000000e+00
2.501262626262628075e-01 0.000000000000000000e+00
2.751388888888888218e-01 0.000000000000000000e+00
3.001515151515157243e-01 0.000000000000000000e+00
3.251641414141417386e-01 0.000000000000000000e+00
3.501767676767677528e-01 0.000000000000000000e+00
3.751893939393946553e-01 0.000000000000000000e+00
4.002020202020206696e-01 0.000000000000000000e+00
4.252146464646466839e-01 0.000000000000000000e+00
4.502272727272726982e-01 0.000000000000000000e+00
4.752398989898996007e-01 0.000000000000000000e+00
5.002525252525256150e-01 0.000000000000000000e+00
5.252651515151516293e-01 0.000000000000000000e+00
5.502777777777776436e-01 0.000000000000000000e+00
5.752904040404045460e-01 0.000000000000000000e+00
6.003030303030305603e-01 0.000000000000000000e+00
6.253156565656565746e-01 0.000000000000000000e+00
6.503282828282834771e-01 0.000000000000000000e+00
6.753409090909094914e-01 0.000000000000000000e+00
7.003535353535355057e-01 0.000000000000000000e+00
7.253661616161615200e-01 0.000000000000000000e+00
7.503787878787884225e-01 0.000000000000000000e+00
7.753914141414144368e-01 0.000000000000000000e+00
8.004040404040404511e-01 0.000000000000000000e+00
8.254166666666673535e-01 8.731149137020111084e-11
8.504292929292933678e-01 2.910383045673370361e-11
8.754419191919193821e-01 -7.275957614183425903e-11
9.004545454545453964e-01 5.820766091346740723e-11
9.254671717171722989e-01 5.093170329928398132e-11
9.504797979797983132e-01 -5.093170329928398132e-11
9.754924242424243275e-01 2.910383045673370361e-11
1.000505050505050342e+00 4.365574568510055542e-11
1.025517676767677244e+00 -4.365574568510055542e-11
1.050530303030303259e+00 3.637978807091712952e-11
1.075542929292929273e+00 -2.910383045673370361e-11
1.100555555555556175e+00 2.546585164964199066e-11
1.125568181818182190e+00 0.000000000000000000e+00
1.150580808080808204e+00 0.000000000000000000e+00
1.175593434343434218e+00 -2.182787284255027771e-11
1.200606060606061121e+00 -3.637978807091712952e-12
1.225618686868687135e+00 1.818989403545856476e-11
1.250631313131313149e+00 1.818989403545856476e-11
1.275643939393940052e+00 1.455191522836685181e-11
1.300656565656566066e+00 -1.455191522836685181e-11
1.325669191919192080e+00 0.000000000000000000e+00
1.350681818181818095e+00 0.000000000000000000e+00
1.375694444444444997e+00 7.275957614183425903e-12
1.400707070707071011e+00 -5.155669204759760760e-02
1.425719696969697026e+00 -1.057286684517748654e-01
1.450732323232323040e+00 -3.413884379206137965e-01
1.475744949494949942e+00 -5.718385401469276985e-01
1.500757575757575957e+00 -1.456051782341091894e+00
1.525770202020201971e+00 -2.604959716556550120e+00
1.550782828282828874e+00 1.985146976154283038e+00
1.575795454545454888e+00 5.631650838473433396e+00
1.600808080808080902e+00 1.223398254353287484e+01
1.625820707070706916e+00 -1.862027907884112210e+00
1.650833333333333819e+00 -3.224918060705567768e+01
1.675845959595959833e+00 -9.761087527668041730e+01
1.700858585858585847e+00 -1.467519092199208899e+02
1.725871212121212750e+00 -1.007424869285332534e+02
1.750883838383838764e+00 -1.270260886129335631e+02
1.775896464646464779e+00 -1.481643925827784187e+02
1.800909090909090793e+00 -5.048781835428872000e+01
1.825921717171717695e+00 2.897168898013023863e+01
1.850934343434343710e+00 -4.328637823736244172e+01
1.875946969696969724e+00 2.340512920544206281e+02
1.900959595959595738e+00 1.642465714120598932e+02
1.925972222222222641e+00 3.143360214655931486e+02
1.950984848484848655e+00 2.609100033136910497e+02
1.975997474747474669e+00 2.086591432243253621e+02
2.001010101010101572e+00 1.925745341239835398e+02
2.026022727272727586e+00 2.674958193004144960e+02
2.051035353535353600e+00 5.781962573795499338e+02
2.076047979797979615e+00 7.389192135496368792e+02
2.101060606060606517e+00 7.389310346725351337e+02
2.126073232323232531e+00 6.155059559173646448e+02
2.151085858585858546e+00 6.274310806489825154e+02
2.176098484848485448e+00 8.387214981779538903e+02
2.201111111111111462e+00 9.520837203729815883e+02
2.226123737373737477e+00 1.198573635882934468e+03
2.251136363636363491e+00 1.232209130685385389e+03
2.276148989898990393e+00 1.131693143452632967e+03
2.301161616161616408e+00 1.224217684761250212e+03
2.326174242424242422e+00 1.409412944940658917e+03
2.351186868686868436e+00 1.506321714885090614e+03
2.376199494949495339e+00 1.514639451239830805e+03
2.401212121212121353e+00 1.628591693120856462e+03
2.426224747474747367e+00 1.631470246248520198e+03
2.451237373737374270e+00 1.662889185992763714e+03
2.476250000000000284e+00 1.787234664634849423e+03
2.501262626262626299e+00 2.027081226195183262e+03
2.526275252525252313e+00 2.327014581749165700e+03
2.551287878787879215e+00 2.102361010111339056e+03
2.576300505050505230e+00 2.103503377344090040e+03
2.601313131313131244e+00 2.038684761277735788e+03
2.626325757575757258e+00 1.935442952691800656e+03
2.651338383838384161e+00 2.222926313280184331e+03
2.676351010101010175e+00 2.448691931818969806e+03
2.701363636363636189e+00 2.410327786261706933e+03
2.726376262626263092e+00 2.301826411455396283e+03
2.751388888888889106e+00 2.205136329447686876e+03
2.776401515151515120e+00 2.420591288071453164e+03
2.801414141414141135e+00 2.609397714330459166e+03
2.826426767676768037e+00 2.634136196022627246e+03
2.851439393939394051e+00 2.576448217228940848e+03
2.876452020202020066e+00 2.612389816530682765e+03
2.901464646464646968e+00 2.671573363324110687e+03
2.926477272727272982e+00 2.517726507270129332e+03
2.951489898989898997e+00 2.622790231650706119e+03
2.976502525252525011e+00 2.723713887965076538e+03
3.001515151515151913e+00 2.809912447231224178e+03
3.026527777777777928e+00 2.769603248841939603e+03
3.051540404040403942e+00 2.722737559657282873e+03
3.076553030303029956e+00 2.693660285742357246e+03
3.101565656565656859e+00 2.600124370231107150e+03
3.126578282828282873e+00 2.746948503264570718e+03
3.151590909090908887e+00 2.859307149420157657e+03
3.176603535353535790e+00 2.911085308204464127e+03
3.201616161616161804e+00 3.059724043970985349e+03
3.226628787878787818e+00 3.034902757638820731e+03
3.251641414141413833e+00 3.082646197384741754e+03
3.276654040404040735e+00 3.006662913858970569e+03
3.301666666666666750e+00 2.810725820778780871e+03
3.326679292929292764e+00 3.006983291463187470e+03
3.351691919191919666e+00 3.227639363896675604e+03
3.376704545454545681e+00 3.326544892859188622e+03
3.401717171717171695e+00 3.422347180633039443e+03
3.426729797979797709e+00 3.404721873678157408e+03
3.451742424242424612e+00 3.134191974453046896e+03
3.476755050505050626e+00 3.039838409466891790e+03
3.501767676767676640e+00 3.239990386325176132e+03
3.526780303030302655e+00 3.063985426152744367e+03
3.551792929292929557e+00 2.895469718479650055e+03
3.576805555555555571e+00 2.822748138628724519e+03
3.601818181818181586e+00 2.896184343525495478e+03
3.626830808080808488e+00 2.854979992245233916e+03
3.651843434343434502e+00 3.021137963046368441e+03
3.676856060606060517e+00 3.007509055015859303e+03
3.701868686868686531e+00 2.929413259310405920e+03
3.726881313131313433e+00 3.020939830346547296e+03
3.751893939393939448e+00 3.014597285909197126e+03
3.776906565656565462e+00 3.099733548712630636e+03
3.801919191919192365e+00 2.979125951616856582e+03
3.826931818181818379e+00 2.814741310196670838e+03
3.851944444444444393e+00 2.991205940240779000e+03
3.876957070707070407e+00 2.896295658071585422e+03
3.901969696969697310e+00 2.857575867048142300e+03
3.926982323232323324e+00 2.794241583031518985e+03
3.951994949494949338e+00 2.744597510163849620e+03
3.977007575757575353e+00 2.745597866552477171e+03
4.002020202020201367e+00 2.754866710408436120e+03
4.027032828282829158e+00 2.744917699150955286e+03
4.052045454545455172e+00 2.755804303820084897e+03
4.077058080808081186e+00 3.020979664030580807e+03
4.102070707070707201e+00 2.843286797278999074e+03
4.127083333333333215e+00 2.575838495419114679e+03
4.152095959595959229e+00 2.487707193010086030e+03
4.177108585858585243e+00 2.687885262184146995e+03
4.202121212121211258e+00 2.765944893160469746e+03
4.227133838383839048e+00 2.737768119069983186e+03
4.252146464646465063e+00 2.709076822449661904e+03
4.277159090909091077e+00 2.744032798589320464e+03
4.302171717171717091e+00 2.524437641617987083e+03
4.327184343434343106e+00 2.492023421659668202e+03
4.352196969696969120e+00 2.659261924424043173e+03
4.377209595959595134e+00 2.682793411418039796e+03
4.402222222222222925e+00 2.473089170418007598e+03
4.427234848484848939e+00 2.406960359403426082e+03
4.452247474747474953e+00 2.478098005062121956e+03
4.477260101010100968e+00 2.498103120030395985e+03
4.502272727272726982e+00 2.452016666660111696e+03
4.527285353535352996e+00 2.425019513987154369e+03
4.552297979797979011e+00 2.555172491694482687e+03
4.577310606060606801e+00 2.792036376387839937e+03
4.602323232323232816e+00 2.704951916112891922e+03
4.627335858585858830e+00 2.447719772313137128e+03
4.652348484848484844e+00 2.438440583509961471e+03
4.677361111111110858e+00 2.598194951805847268e+03
4.702373737373736873e+00 2.594443468452780962e+03
4.727386363636362887e+00 2.431056684292026148e+03
4.752398989898990678e+00 2.401065107984703900e+03
4.777411616161616692e+00 2.453739207170784539e+03
4.802424242424242706e+00 2.300889465706914507e+03
4.827436868686868721e+00 2.128546330307538938e+03
4.852449494949494735e+00 2.138810197466695172e+03
4.877462121212120749e+00 2.446471504175978680e+03
4.902474747474746763e+00 2.635520581218243933e+03
4.927487373737374554e+00 2.590017835654150076e+03
4.952500000000000568e+00 2.386043573752703651e+03
4.977512626262626583e+00 2.355418150002714356e+03
5.002525252525252597e+00 2.539781813945463000e+03
5.027537878787878611e+00 2.456604901462235375e+03
5.052550505050504626e+00 2.511967747426884216e+03
5.077563131313130640e+00 2.591250645896088827e+03
5.102575757575756654e+00 2.586543882838364425e+03
5.127588383838384445e+00 2.561797665930252606e+03
5.152601010101010459e+00 2.616652286299302887e+03
5.177613636363636473e+00 2.382417959732933468e+03
5.202626262626262488e+00 2.319864964003224031e+03
5.227638888888888502e+00 2.536663498849090047e+03
5.252651515151514516e+00 2.554293857487312380e+03
5.277664141414140531e+00 2.811646256962533698e+03
5.302676767676768321e+00 2.818200916066293757e+03
5.327689393939394336e+00 2.612148068717230672e+03
5.352702020202020350e+00 2.587677922970529380e+03
5.377714646464646364e+00 2.825610672985512792e+03
5.402727272727272378e+00 2.695536529640847675e+03
5.427739898989898393e+00 2.632455687855484939e+03
5.452752525252524407e+00 2.650358329717783818e+03
5.477765151515152198e+00 2.586834649289088247e+03
5.502777777777778212e+00 2.536444818581438540e+03
5.527790404040404226e+00 2.482329028305226984e+03
5.552803030303030241e+00 2.457067453735932304e+03
5.577815656565656255e+00 2.602880249030502455e+03
5.602828282828282269e+00 2.831617598840607570e+03
5.627840909090908283e+00 2.774679655908173117e+03
5.652853535353536074e+00 2.777086581839562768e+03
5.677866161616162088e+00 2.872998534564826969e+03
5.702878787878788103e+00 2.797155657392677313e+03
5.727891414141414117e+00 2.877008111399653444e+03
5.752904040404040131e+00 2.931386025991692804e+03
5.777916666666666146e+00 2.807739555683808248e+03
5.802929292929292160e+00 2.988408831242991710e+03
5.827941919191918174e+00 2.721333970826210589e+03
5.852954545454545965e+00 2.634235123182875213e+03
5.877967171717171979e+00 2.570202388274988152e+03
5.902979797979797993e+00 2.568355917520575531e+03
5.927992424242424008e+00 2.461435826254876702e+03
5.953005050505050022e+00 2.624182229846174778e+03
5.978017676767676036e+00 2.710935227802390273e+03
6.003030303030302051e+00 2.761004958237511801e+03
6.028042929292929841e+00 2.890801513683118628e+03
6.053055555555555856e+00 2.656714997681170189e+03
6.078068181818181870e+00 2.505735479447350372e+03
6.103080808080807884e+00 2.664012963999531621e+03
6.128093434343433898e+00 2.573667684526596986e+03
6.153106060606059913e+00 2.693969717449985183e+03
6.178118686868685927e+00 2.741169141263791516e+03
6.203131313131313718e+00 2.665756031581068783e+03
6.228143939393939732e+00 2.676430493171870694e+03
6.253156565656565746e+00 2.890362611730378376e+03
6.278169191919191761e+00 3.131112473655776739e+03
6.303181818181817775e+00 3.281480147377958019e+03
6.328194444444443789e+00 3.124465701912210534e+03
6.353207070707069803e+00 2.988609214068222627e+03
6.378219696969697594e+00 2.948650742312246621e+03
6.403232323232323608e+00 2.668000359557351203e+03
6.428244949494949623e+00 2.599928102313719592e+03
6.453257575757575637e+00 2.648444025232089189e+03
6.478270202020201651e+00 2.844618187017350010e+03
6.503282828282827666e+00 2.949070671493337613e+03
6.528295454545453680e+00 2.699451522937926711e+03
6.553308080808081471e+00 2.783940801607695903e+03
6.578320707070707485e+00 3.113478555921632960e+03
6.603333333333333499e+00 3.072334814924825423e+03
6.628345959595959513e+00 2.940609633147911154e+03
6.653358585858585528e+00 2.989923073143405418e+03
6.678371212121211542e+00 2.898905174888438978e+03
6.703383838383837556e+00 2.892015978124062713e+03
6.728396464646463571e+00 2.823975524982989555e+03
6.753409090909091361e+00 2.899533833433690688e+03
6.778421717171717376e+00 3.020410959566555903e+03
6.803434343434343390e+00 3.005766938951601787e+03
6.828446969696969404e+00 3.019771760413853372e+03
6.853459595959595418e+00 3.123845505745948685e+03
6.878472222222221433e+00 3.090728203918014515e+03
6.903484848484847447e+00 3.016489887951065612e+03
6.928497474747475238e+00 2.924810584788291635e+03
6.953510101010101252e+00 2.548220327673789598e+03
6.978522727272727266e+00 2.611669126142846835e+03
7.003535353535353281e+00 2.873926987483029734e+03
7.028547979797979295e+00 2.948903967616261525e+03
7.053560606060605309e+00 2.799420096777525941e+03
7.078573232323231323e+00 2.664875397869329390e+03
7.103585858585859114e+00 2.834469891974848451e+03
7.128598484848485128e+00 2.924793604384953596e+03
7.153611111111111143e+00 2.921696532696085796e+03
7.178623737373737157e+00 2.999498718678604291e+03
7.203636363636363171e+00 3.056530175357956068e+03
7.228648989898989186e+00 3.175160929335354012e+03
7.253661616161615200e+00 3.281781000661379949e+03
7.278674242424242991e+00 3.145040406631956557e+03
7.303686868686869005e+00 2.979129166097531197e+03
7.328699494949495019e+00 2.990327292743629641e+03
7.353712121212121033e+00 2.881824795508474381e+03
7.378724747474747048e+00 2.809411686558012661e+03
7.403737373737373062e+00 3.068477982191657247e+03
7.428749999999999076e+00 3.307483682008717096e+03
7.453762626262626867e+00 3.431838829484568123e+03
7.478775252525252881e+00 3.262023437571869181e+03
7.503787878787878896e+00 3.153397520131382407e+03
7.528800505050504910e+00 3.180811090583369605e+03
7.553813131313130924e+00 3.297664161459215848e+03
7.578825757575756938e+00 3.197986743164554809e+03
7.603838383838382953e+00 3.124278849191293375e+03
7.628851010101008967e+00 2.943810491085861031e+03
7.653863636363636758e+00 3.078531676886037985e+03
7.678876262626262772e+00 3.048562418682052339e+03
7.703888888888888786e+00 3.065252726217975578e+03
7.728901515151514801e+00 3.088342596833054358e+03
7.753914141414140815e+00 2.791482048979317824e+03
7.778926767676766829e+00 3.054571097788632869e+03
7.803939393939392843e+00 3.017239756511758515e+03
7.828952020202020634e+00 2.883178030343989121e+03
7.853964646464646648e+00 3.274065930171057062e+03
7.878977272727272663e+00 3.344663463909058009e+03
7.903989898989898677e+00 3.386430639704088208e+03
7.929002525252524691e+00 3.181807467319579246e+03
7.954015151515150706e+00 3.092733952673667773e+03
7.979027777777776720e+00 3.082320102598472204e+03
8.004040404040404511e+00 3.199735925596754441e+03
8.029053030303030525e+00 3.565301428739852327e+03
8.054065656565656539e+00 3.577496621247796611e+03
8.079078282828282553e+00 3.431931510436735152e+03
8.104090909090908568e+00 3.520866101632405389e+03
8.129103535353534582e+00 3.624050401198803684e+03
8.154116161616160596e+00 3.446704416598157422e+03
8.179128787878788387e+00 3.283138154641937035e+03
8.204141414141414401e+00 3.328681619529903401e+03
8.229154040404040416e+00 3.402514819772536157e+03
8.254166666666666430e+00 3.291047758833053194e+03
8.279179292929292444e+00 3.185420443541172062e+03
8.304191919191918458e+00 3.513602879861535257e+03
8.329204545454544473e+00 3.554535071540011813e+03
8.354217171717172263e+00 3.640567026086400801e+03
8.379229797979798278e+00 3.494808746276669353e+03
8.404242424242424292e+00 3.339750239536095705e+03
8.429255050505050306e+00 3.462071509424918986e+03
8.454267676767676321e+00 3.531992561036179268e+03
8.479280303030302335e+00 3.539233398643397322e+03
8.504292929292928349e+00 3.419624027530682270e+03
8.529305555555554363e+00 3.476114451229969745e+03
8.554318181818182154e+00 3.203574675531275261e+03
8.579330808080808168e+00 3.232144703367249349e+03
8.604343434343434183e+00 3.011754539673526324e+03
8.629356060606060197e+00 3.217844188743115410e+03
8.654368686868686211e+00 3.530853652976410103e+03
8.679381313131312226e+00 3.839132938321163238e+03
8.704393939393938240e+00 3.855612045331994068e+03
8.729406565656566030e+00 3.486600952190026419e+03
8.754419191919192045e+00 3.407569690673642071e+03
8.779431818181818059e+00 3.332438265283658438e+03
8.804444444444444073e+00 3.343696678675806197e+03
8.829457070707070088e+00 3.524094934208969789e+03
8.854469696969696102e+00 3.573953035331387582e+03
8.879482323232322116e+00 3.311840985416065905e+03
8.904494949494949907e+00 3.183698786658138488e+03
8.929507575757575921e+00 3.310506443502167258e+03
8.954520202020201936e+00 3.133623958758301342e+03
8.979532828282827950e+00 3.139971334830823707e+03
9.004545454545453964e+00 3.244728574561444930e+03
9.029558080808079978e+00 3.352415681437461444e+03
9.054570707070705993e+00 3.374062657593505719e+03
9.079583333333333783e+00 3.392549505954451888e+03
9.104595959595959798e+00 3.353336229184460990e+03
9.129608585858585812e+00 3.633972782014538097e+03
9.154621212121211826e+00 3.693459201157092139e+03
9.179633838383837841e+00 3.488595504072924541e+03
9.204646464646463855e+00 3.169341692270595559e+03
9.229659090909089869e+00 3.319747768856257608e+03
9.254671717171715883e+00 3.327213735999171149e+03
9.279684343434343674e+00 3.225869595729302546e+03
9.304696969696969688e+00 3.378795350243574376e+03
9.329709595959595703e+00 3.663501001575811188e+03
9.354722222222221717e+00 3.480756552395931521e+03
9.379734848484847731e+00 3.292072003807196779e+03
9.404747474747473746e+00 3.272317358543725277e+03
9.429760101010099760e+00 3.124232618612218630e+03
9.454772727272727550e+00 3.232347785606487832e+03
9.479785353535353565e+00 3.096372861245405147e+03
9.504797979797979579e+00 3.283087847911385779e+03
9.529810606060605593e+00 3.350712746651146517e+03
9.554823232323231608e+00 3.361237560106398632e+03
9.579835858585857622e+00 3.470652289120696423e+03
9.604848484848483636e+00 3.479186936344642618e+03
9.629861111111111427e+00 3.423781502486960562e+03
9.654873737373737441e+00 3.387235989334683381e+03
9.679886363636363455e+00 3.688700398995790692e+03
9.704898989898989470e+00 3.693654732804660398e+03
9.729911616161615484e+00 3.590848992000956514e+03
9.754924242424241498e+00 3.745303178383092927e+03
9.779936868686867513e+00 3.661767292979766353e+03
9.804949494949495303e+00 3.544941337545903480e+03
9.829962121212121318e+00 3.179965313331125799e+03
9.854974747474747332e+00 2.962409221773278659e+03
9.879987373737373346e+00 3.197673064283007989e+03
9.904999999999999361e+00 3.331236841984592502e+03
9.930012626262625375e+00 3.175620547937986885e+03
9.955025252525251389e+00 3.268704192104413778e+03
9.980037878787879180e+00 3.358307775125740136e+03
1.000505050505050519e+01 3.438871298223602025e+03
1.003006313131313121e+01 3.478754761614397012e+03
1.005507575757575722e+01 3.660508165178338913e+03
1.008008838383838324e+01 3.528591512093196343e+03
1.010510101010100925e+01 3.223754804287308616e+03
1.013011363636363527e+01 3.310608041973649051e+03
1.015512626262626128e+01 3.169671226812286932e+03
1.018013888888888907e+01 3.429294359985877691e+03
1.020515151515151508e+01 3.291977441685677604e+03
1.023016414141414110e+01 3.478680473711717241e+03
1.025517676767676711e+01 3.589063456504913120e+03
1.028018939393939313e+01 3.749236391062434450e+03
1.030520202020201914e+01 3.643439278471072157e+03
1.033021464646464516e+01 3.618342119597011333e+03
1.035522727272727295e+01 3.556434915279655797e+03
1.038023989898989896e+01 3.640317666271042981e+03
1.040525252525252498e+01 3.447790373699658630e+03
1.043026515151515099e+01 3.147883038153496727e+03
1.045527777777777700e+01 3.283825660086926746e+03
1.048029040404040302e+01 3.230798241256107303e+03
1.050530303030302903e+01 3.334910781449703791e+03
1.053031565656565682e+01 3.231713281795758121e+03
1.055532828282828284e+01 3.234635743357062893e+03
1.058034090909090885e+01 3.228628166473771671e+03
1.060535353535353487e+01 3.213890551807927295e+03
1.063036616161616088e+01 3.331582830746339368e+03
1.065537878787878689e+01 3.298255061002555067e+03
1.068039141414141291e+01 3.157847205166287949e+03
1.070540404040404070e+01 3.020309316518805645e+03
1.073041666666666671e+01 3.091891395843396822e+03
1.075542929292929273e+01 3.053313443215466577e+03
1.078044191919191874e+01 3.124585459996267673e+03
1.080545454545454476e+01 3.570457425225199131e+03
1.083046717171717077e+01 3.635829360456654740e+03
1.085547979797979679e+01 3.343551266664575451e+03
1.088049242424242458e+01 3.301853144163130310e+03
1.090550505050505059e+01 3.319294993636996878e+03
1.093051767676767660e+01 3.345956815720842314e+03
1.095553030303030262e+01 3.363558610308019070e+03
1.098054292929292863e+01 3.426160378480721192e+03
1.100555555555555465e+01 3.199902120614721753e+03
1.103056818181818066e+01 3.133223836852377644e+03
1.105558080808080668e+01 3.013765527919897067e+03
1.108059343434343447e+01 2.897737194320534854e+03
1.110560606060606048e+01 3.076838836407513554e+03
1.113061868686868650e+01 3.267880454384433051e+03
1.115563131313131251e+01 3.299742048911249640e+03
1.118064393939393852e+01 3.462963620433974484e+03
1.120565656565656454e+01 3.360535169167453205e+03
1.123066919191919055e+01 3.438866695461396375e+03
1.125568181818181834e+01 3.499078195637038334e+03
1.128069444444444436e+01 3.582129667269891343e+03
1.130570707070707037e+01 3.545841117764671708e+03
1.133071969696969639e+01 3.298872456959989449e+03
1.135573232323232240e+01 3.133093492654945294e+03
1.138074494949494841e+01 3.102854516241533020e+03
1.140575757575757443e+01 3.065335528138450627e+03
1.143077020202020222e+01 3.111846527990107461e+03
1.145578282828282823e+01 3.099347516564838315e+03
1.148079545454545425e+01 3.041088493680995271e+03
1.150580808080808026e+01 3.039819459448508496e+03
1.153082070707070628e+01 2.929980414223329262e+03
1.155583333333333229e+01 2.885971355041477182e+03
1.158084595959595831e+01 2.986992271106412772e+03
1.160585858585858610e+01 3.473593176769958973e+03
1.163087121212121211e+01 3.536834072034829660e+03
1.165588383838383812e+01 3.609634957100182419e+03
1.168089646464646414e+01 3.402225802462237880e+03
1.170590909090909015e+01 3.525136624507554643e+03
1.173092171717171617e+01 3.341177437359953728e+03
1.175593434343434218e+01 3.316738240994357966e+03
1.178094696969696997e+01 3.286049036022180189e+03
1.180595959595959599e+01 3.047609821951990398e+03
1.183097222222222200e+01 2.934010599309353438e+03
1.185598484848484802e+01 3.080781368204207865e+03
1.188099747474747403e+01 3.165722025576454143e+03
1.190601010101010004e+01 3.002602615192904523e+03
1.193102272727272606e+01 3.079483198594531586e+03
1.195603535353535207e+01 3.178533754421574031e+03
1.198104797979797986e+01 3.226774286252674756e+03
1.200606060606060410e+01 3.347014812559471011e+03
1.203107323232323012e+01 3.147855333441885250e+03
1.205608585858585968e+01 3.179575849006589124e+03
1.208109848484848570e+01 3.257526359139525994e+03
1.210611111111111171e+01 2.984856864036217758e+03
1.213112373737373773e+01 3.062427363746668107e+03
1.215613636363636374e+01 3.182717858307855295e+03
1.218114898989898975e+01 3.375828347852909701e+03
1.220616161616161577e+01 3.302228832487662203e+03
1.223117424242424178e+01 3.325969312139855447e+03
1.225618686868686780e+01 3.621439786819550591e+03
1.228119949494949381e+01 3.779370256911815886e+03
1.230621212121211983e+01 3.561740722022352202e+03
1.233122474747474584e+01 3.249071182592438163e+03
1.235623737373737185e+01 3.378311638416442293e+03
1.238124999999999787e+01 3.262682089588543022e+03
1.240626262626262388e+01 3.351052536395593052e+03
1.243127525252525345e+01 3.281352978597040419e+03
1.245628787878787946e+01 3.326683416364594905e+03
1.248130050505050548e+01 3.317443849761288220e+03
1.250631313131313149e+01 3.435344278840235347e+03
1.253132575757575751e+01 3.412254703493615125e+03
1.255633838383838352e+01 3.362545124036579182e+03
1.258135101010100954e+01 3.262415540372006490e+03
1.260636363636363555e+01 3.473915952561172617e+03
1.263137626262626156e+01 3.473446360650903443e+03
1.265638888888888758e+01 3.610656764618599937e+03
1.268140151515151359e+01 3.428137164630576535e+03
1.270641414141413961e+01 3.413077560724240357e+03
1.273142676767676562e+01 3.462447952787565555e+03
1.275643939393939164e+01 3.548368293095349145e+03
1.278145202020202120e+01 3.538368601897885583e+03
1.280646464646464722e+01 3.555618892228299046e+03
1.283147727272727323e+01 3.584359179462663633e+03
1.285648989898989925e+01 3.516499463977697815e+03
1.288150252525252526e+01 3.393759745663689046e+03
1.290651515151515127e+01 3.355590024412998901e+03
1.293152777777777729e+01 3.680650300479838279e+03
1.295654040404040330e+01 3.267920573664751828e+03
1.298155303030302932e+01 3.438390813343654372e+03
1.300656565656565533e+01 3.503241037490246072e+03
1.303157828282828135e+01 3.548081259476591185e+03
1.305659090909090736e+01 3.722311479165535275e+03
1.308160353535353337e+01 3.564881696719359752e+03
1.310661616161615939e+01 3.648511912094891159e+03
1.313162878787878540e+01 3.657772125336217414e+03
1.315664141414141497e+01 3.636982336457997917e+03
1.318165404040404098e+01 3.535462545531400337e+03
1.320666666666666700e+01 3.646852752423929815e+03
1.323167929292929301e+01 3.636982957357921805e+03
1.325669191919191903e+01 3.579313160219921429e+03
1.328170454545454504e+01 3.484033361036218139e+03
1.330671717171717106e+01 3.716373559971105806e+03
1.333172979797979707e+01 4.046063756879430912e+03
1.335674242424242308e+01 4.071133951942587828e+03
1.338175505050504910e+01 4.143534144934110373e+03
1.340676767676767511e+01 3.895984336140714277e+03
1.343178030303030113e+01 3.828254525438419932e+03
1.345679292929292714e+01 4.000434712926376960e+03
1.348180555555555316e+01 4.052154898483800480e+03
1.350681818181818272e+01 3.879805082290400605e+03
1.353183080808080874e+01 4.041575264301711286e+03
1.355684343434343475e+01 3.947465444522765210e+03
1.358185606060606077e+01 4.100085622974656872e+03
1.360686868686868678e+01 4.196475799726715195e+03
1.363188131313131279e+01 4.212295974675186699e+03
1.365689393939393881e+01 4.037626148040413227e+03
1.368190656565656482e+01 4.057016319630885846e+03
1.370691919191919084e+01 4.337836489645826077e+03
1.373193181818181685e+01 4.242056657888170776e+03
1.375694444444444287e+01 4.153666824609025753e+03
1.378195707070706888e+01 4.159206989793081448e+03
1.380696969696969489e+01 4.209817153290693568e+03
1.383198232323232091e+01 4.057787315115505862e+03
1.385699494949495048e+01 4.077367475496408588e+03
1.388200757575757649e+01 4.009897634362287135e+03
1.390702020202020250e+01 4.165467791635317553e+03
1.393203282828282852e+01 4.142507947359807076e+03
1.395704545454545453e+01 4.330398101593102183e+03
1.398205808080808055e+01 4.294578254480489704e+03
1.400707070707070656e+01 4.231098405739272494e+03
1.403208333333333258e+01 4.340998555734022375e+03
1.405709595959595859e+01 4.179698704210016331e+03
1.408210858585858460e+01 4.286138851196327778e+03
1.410712121212121062e+01 4.238578996944749633e+03
1.413213383838383663e+01 3.949409141113637816e+03
1.415714646464646265e+01 4.109029284111445122e+03
1.418215909090908866e+01 4.487399425536757917e+03
1.420717171717171468e+01 4.340419565651047378e+03
1.423218434343434424e+01 4.279739704590700057e+03
1.425719696969697026e+01 4.090409842089598442e+03
1.428220959595959627e+01 4.007029978320202645e+03
1.430722222222222229e+01 4.137730113309820808e+03
1.433223484848484830e+01 3.858000246901470746e+03
1.435724747474747431e+01 3.993140378661965769e+03
1.438226010101010033e+01 4.021890492210329739e+03
1.440727272727272634e+01 4.332780604652260990e+03
1.443228535353535236e+01 4.478110715993017038e+03
1.445729797979797837e+01 4.290700826206733836e+03
1.448231060606060439e+01 4.116970935436919717e+03
1.450732323232323040e+01 4.113521043558022939e+03
1.453233585858585641e+01 4.130921150612914062e+03
1.455734848484848243e+01 4.337901256677840138e+03
1.458236111111111200e+01 4.704741361698156652e+03
1.460737373737373801e+01 4.394221465601999626e+03
1.463238636363636402e+01 4.236121568545244372e+03
1.465739898989899004e+01 4.415711670532259632e+03
1.468241161616161605e+01 4.341931771534821564e+03
1.470742424242424207e+01 4.618051871584988476e+03
1.473243686868686808e+01 4.792811970548587851e+03
1.475744949494949410e+01 4.567552068588786824e+03
1.478246212121212011e+01 4.602782165754803827e+03
1.480747474747474612e+01 4.468492261925599450e+03
1.483248737373737214e+01 4.571232357304243124e+03
1.485749999999999815e+01 4.562072451562509741e+03
1.488251262626262417e+01 4.615702545000690407e+03
1.490752525252525018e+01 4.699122637551804473e+03
1.493253787878787620e+01 4.855862729221520567e+03
1.495755050505050576e+01 5.057302819954186816e+03
1.498256313131313178e+01 5.165252909919418926e+03
1.500757575757575779e+01 5.143362998845964285e+03
1.503258838383838381e+01 4.988483087036784127e+03
1.505760101010100982e+01 4.727193174393042682e+03
1.508261363636363583e+01 4.882723260968500654e+03
1.510762626262626185e+01 4.853283346616442941e+03
1.513263888888888786e+01 4.871013431521580969e+03
1.515765151515151388e+01 4.837523515089014836e+03
1.518266414141413989e+01 5.151463597041220964e+03
1.520767676767676591e+01 5.199223678250364173e+03
1.523268939393939192e+01 4.834503758687933441e+03
1.525770202020201793e+01 4.553313838373515864e+03
1.528271464646464395e+01 4.964313917238128852e+03
1.530772727272727352e+01 5.285913995497614451e+03
1.533273989898989953e+01 4.877274072877864455e+03
1.535775252525252554e+01 4.705154149678786780e+03
1.538276515151515156e+01 4.729064225653221911e+03
1.540777777777777757e+01 4.589494300941159963e+03
1.543279040404040359e+01 4.745464375558653956e+03
1.545780303030302960e+01 4.668014449408424298e+03
1.548281565656565562e+01 4.639504522477934188e+03
1.550782828282828163e+01 4.590544595003167160e+03
1.553284090909090764e+01 5.105194666775172664e+03
1.555785353535353366e+01 5.207384737913621393e+03
1.558286616161615967e+01 5.123014808323126999e+03
1.560787878787878569e+01 4.982924878180047926e+03
1.563289141414141170e+01 4.750464947265939372e+03
1.565790404040403772e+01 4.952815015738295187e+03
1.568291666666666728e+01 5.062505083680132884e+03
1.570792929292929330e+01 4.795155150852864608e+03
1.573294191919191931e+01 4.950615217413977916e+03
1.575795454545454533e+01 4.901015283364630704e+03
1.578296717171717134e+01 4.756015348676622125e+03
1.580797979797979735e+01 4.867195413486813777e+03
1.583299242424242337e+01 5.233385477637269105e+03
1.585800505050504938e+01 5.191115541212248900e+03
1.588301767676767540e+01 5.046435604100271121e+03
1.590803030303030141e+01 4.993785666510009833e+03
1.593304292929292743e+01 5.106615728241189572e+03
1.595805555555555344e+01 4.970175789498219274e+03
1.598306818181817945e+01 4.867385850022600607e+03
1.600808080808080547e+01 5.056405910243830476e+03
1.603309343434343504e+01 4.985455969666375495e+03
1.605810606060605750e+01 5.031976028635627699e+03
1.608311868686868706e+01 5.392806087078319251e+03
1.610813131313130953e+01 5.353676145004217688e+03
1.613314393939393909e+01 5.045956202343332734e+03
1.615815656565656155e+01 5.375836259179513945e+03
1.618316919191919112e+01 5.288836315540928808e+03
1.620818181818181358e+01 5.352886371237011190e+03
1.623319444444444315e+01 5.101786426502232644e+03
1.625820707070706561e+01 5.182476481326668363e+03
1.628321969696969518e+01 5.328366535464372646e+03
1.630823232323231764e+01 5.434406589255546351e+03
1.633324494949494721e+01 5.366506642506439675e+03
1.635825757575756967e+01 5.180486695274254089e+03
1.638327020202019924e+01 5.147146747566498561e+03
1.640828282828282880e+01 5.086526799364894941e+03
1.643329545454545126e+01 4.846296850695128342e+03
1.645830808080808083e+01 4.940566901563752253e+03
1.648332070707070329e+01 5.142236951977401077e+03
1.650833333333333286e+01 5.166327001855503113e+03
1.653334595959595532e+01 5.427897051335198739e+03
1.655835858585858489e+01 5.618397100377952484e+03
1.658337121212120735e+01 5.870087148936694575e+03
1.660838383838383692e+01 5.744887197080100123e+03
1.663339646464645938e+01 5.808587244803353315e+03
1.665840909090908895e+01 5.683767292054037171e+03
1.668342171717171141e+01 5.601977338789485657e+03
1.670843434343434097e+01 5.621147385327617485e+03
1.673344696969696344e+01 5.844837431229560025e+03
1.675845959595959300e+01 5.748457476756453616e+03
1.678347222222222257e+01 5.454257521898432969e+03
1.680848484848484503e+01 5.330547566701678079e+03
1.683349747474747460e+01 5.307537610973859955e+03
1.685851010101009706e+01 5.320577654899592744e+03
1.688352272727272663e+01 5.409097698439506530e+03
1.690853535353534909e+01 5.564547741540050993e+03
1.693354797979797866e+01 5.713187784362143248e+03
1.695856060606060112e+01 5.872897826707901004e+03
1.698357323232323068e+01 5.887377868664066227e+03
1.700858585858585315e+01 5.930687910266065046e+03
1.703359848484848271e+01 5.701227951459459291e+03
1.705861111111110517e+01 5.824717992218366817e+03
1.708362373737373474e+01 5.819408032783806448e+03
1.710863636363636431e+01 5.700528072862656700e+03
1.713364898989898677e+01 5.708128112666523521e+03
1.715866161616161634e+01 5.608478152048396623e+03
1.718367424242423880e+01 5.518688191111100423e+03
1.720868686868686837e+01 5.741868229546249495e+03
1.723369949494949083e+01 6.267288267260233624e+03
1.725871212121212039e+01 6.266328304704577931e+03
1.728372474747474286e+01 6.172438341834023049e+03
1.730873737373737242e+01 5.987518378557560936e+03
1.733374999999999488e+01 6.294238414971288876e+03
1.735876262626262445e+01 6.181398451058261344e+03
1.738377525252524691e+01 6.129508486835241456e+03
1.740878787878787648e+01 6.165628522340923155e+03
1.743380050505049894e+01 5.864408557470625055e+03
1.745881313131312851e+01 5.582658592225538086e+03
1.748382575757575808e+01 5.858928626734958925e+03
1.750883838383838054e+01 6.005088660898059061e+03
1.753385101010101010e+01 6.103938694802634018e+03
1.755886363636363257e+01 5.809778728405838592e+03
1.758387626262626213e+01 5.680608761666595456e+03
1.760888888888888459e+01 5.671998794658762563e+03
1.763390151515151416e+01 5.629518827387286365e+03
1.765891414141413662e+01 6.093758859808199304e+03
1.768392676767676619e+01 6.221488891887145655e+03
1.770893939393938865e+01 6.035028923729822964e+03
1.773395202020201822e+01 6.079538955289487603e+03
1.775896464646464068e+01 6.700968986557806602e+03
1.778397727272727025e+01 6.372489017550950848e+03
1.780898989898989271e+01 6.063439048198551973e+03
1.783400252525252228e+01 6.057109078651313212e+03
1.785901515151515184e+01 6.195939108788220437e+03
1.788402777777777430e+01 6.199599138734302869e+03
1.790904040404040387e+01 6.000059168349352149e+03
1.793405303030302633e+01 6.065679197747078433e+03
1.795906565656565590e+01 6.000799226830833504e+03
1.798407828282827836e+01 5.995889255649957704e+03
1.800909090909090793e+01 6.033379284296778678e+03
1.803410353535353039e+01 6.027469312600300327e+03
1.805911616161615996e+01 6.173979340655158921e+03
1.808412878787878242e+01 6.331859368613883817e+03
1.810914141414141199e+01 6.405999396161464574e+03
1.813415404040403445e+01 6.298269423487698987e+03
1.815916666666666401e+01 6.067029450572537826e+03
1.818417929292929358e+01 5.957559477518465428e+03
1.820919191919191604e+01 5.976149504070635885e+03
1.823420454545454561e+01 6.296359530515205734e+03
1.825921717171716807e+01 6.321699556656903951e+03
1.828422979797979764e+01 6.218049582616777116e+03
1.830924242424242010e+01 6.545359608298906096e+03
1.833425505050504967e+01 6.592279633799018484e+03
1.835926767676767213e+01 6.354349659047069508e+03
1.838428030303030170e+01 6.661049684053603414e+03
1.840929292929292416e+01 6.404299708887911038e+03
1.843430555555555372e+01 6.173579733480097275e+03
1.845931818181817619e+01 6.289459757874658862e+03
1.848433080808080575e+01 6.522359782010016716e+03
1.850934343434342821e+01 6.095869805943603751e+03
1.853435606060605778e+01 6.345449829658047747e+03
1.855936868686868735e+01 6.114639853220372061e+03
1.858438131313130981e+01 6.132479876622450320e+03
1.860939393939393938e+01 6.056059899716004111e+03
1.863440656565656184e+01 6.214339922619754361e+03
1.865941919191919141e+01 6.516389945326106499e+03
1.868443181818181387e+01 6.254949967823959014e+03
1.870944444444444343e+01 6.453169990206150032e+03
1.873445707070706590e+01 6.688620012337315529e+03
1.875946969696969546e+01 6.465560034305208319e+03
1.878448232323231792e+01 6.464500056045992096e+03
1.880949494949494749e+01 6.454030077546940447e+03
1.883450757575756995e+01 6.764800098959385650e+03
1.885952020202019952e+01 6.743490120151270276e+03
1.888453282828282198e+01 6.351560141117388412e+03
1.890954545454545155e+01 6.189650161927662339e+03
1.893455808080808112e+01 6.461560182559646819e+03
1.895957070707070358e+01 6.292130203002150665e+03
1.898458333333333314e+01 6.172130223304820902e+03
1.900959595959595561e+01 6.367210243393288692e+03
1.903460858585858517e+01 6.617610263269732059e+03
1.905962121212120763e+01 6.375280283050895378e+03
1.908463383838383720e+01 6.635310302624479846e+03
1.910964646464645966e+01 6.685730322012960642e+03
1.913465909090908923e+01 6.488220341271671714e+03
1.915967171717171169e+01 6.413670360358850303e+03
1.918468434343434126e+01 6.703430379241924129e+03
1.920969696969696372e+01 6.756970398022238442e+03
1.923470959595959329e+01 6.769370416592034417e+03
1.925972222222221575e+01 6.622790434962528707e+03
1.928473484848484532e+01 6.174450453346938957e+03
1.930974747474747488e+01 6.151710471405514909e+03
1.933476010101009734e+01 6.204640489362001063e+03
1.935977272727272691e+01 6.564560507155826599e+03
1.938478535353534937e+01 6.716710524816950056e+03
1.940979797979797894e+01 6.605110542256901681e+03
1.943481060606060140e+01 6.452780559599920707e+03
1.945982323232323097e+01 6.102900576826992619e+03
1.948483585858585343e+01 6.241420593841055052e+03
1.950984848484848300e+01 6.351980610693197377e+03
1.953486111111110546e+01 6.542230627498523063e+03
1.955987373737373503e+01 6.803380644107623993e+03
1.958488636363635749e+01 6.808000660533460177e+03
1.960989898989898705e+01 6.653420676864637244e+03
1.963491161616161662e+01 6.596710693053268187e+03
1.965992424242423908e+01 6.376300709078058389e+03
1.968493686868686865e+01 6.199230724998810729e+03
1.970994949494949111e+01 6.431300740726260301e+03
1.973496212121212068e+01 6.929190756368358961e+03
1.975997474747474314e+01 6.931500771861835346e+03
1.978498737373737271e+01 6.938900787217634388e+03
1.980999999999999517e+01 6.563270802387802178e+03
1.983501262626262474e+01 6.620260817583358403e+03
1.986002525252524720e+01 6.782430832518431998e+03
1.988503787878787676e+01 6.807010847350538825e+03
1.991005050505049923e+01 6.739780862035198879e+03
1.993506313131312879e+01 6.880380876655222892e+03
1.996007575757575125e+01 6.648660891137627914e+03
1.998508838383838082e+01 6.453590905478580680e+03
2.001010101010101039e+01 6.652400919646755028e+03
2.003511363636363285e+01 6.827250000000000000e+03
2.006012626262626242e+01 6.812039999999999964e+03
2.008513888888888488e+01 6.754930000000000291e+03
2.011015151515151445e+01 6.598840000000000146e+03
2.013516414141413691e+01 6.412319999999999709e+03
2.016017676767676647e+01 6.790270000000000437e+03
2.018518939393938894e+01 6.994390000000000327e+03
2.021020202020201850e+01 7.222909999999999854e+03
2.023521464646464096e+01 6.941039999999999964e+03
2.026022727272727053e+01 6.536289999999999964e+03
2.028523989898989299e+01 6.465500000000000000e+03
2.031025252525252256e+01 6.510470000000000255e+03
2.033526515151514502e+01 6.370010000000000218e+03
2.036027777777777459e+01 6.328449999999999818e+03
2.038529040404040416e+01 6.841229999999999563e+03
2.041030303030302662e+01 6.974020000000000437e+03
2.043531565656565618e+01 7.027500000000000000e+03
2.046032828282827865e+01 6.991420000000000073e+03
2.048534090909090821e+01 6.542670000000000073e+03
2.051035353535353067e+01 6.571770000000000437e+03
2.053536616161616024e+01 6.797590000000000146e+03
2.056037878787878270e+01 6.818760000000000218e+03
2.058539141414141227e+01 6.862020000000000437e+03
2.061040404040403473e+01 7.006180000000000291e+03
2.063541666666666430e+01 7.018220000000000255e+03
2.066042929292928676e+01 7.032170000000000073e+03
2.068544191919191633e+01 6.738460000000000036e+03
2.071045454545454589e+01 6.833340000000000146e+03
2.073546717171716836e+01 6.789420000000000073e+03
2.076047979797979792e+01 6.756710000000000036e+03
2.078549242424242038e+01 6.823449999999999818e+03
2.081050505050504995e+01 6.840029999999999745e+03
2.083551767676767241e+01 7.043170000000000073e+03
2.086053030303030198e+01 7.129550000000000182e+03
2.088554292929292444e+01 7.228010000000000218e+03
2.091055555555555401e+01 7.358310000000000400e+03
2.093556818181817647e+01 7.341829999999999927e+03
2.096058080808080604e+01 6.889310000000000400e+03
2.098559343434342850e+01 6.725310000000000400e+03
2.101060606060605807e+01 6.998329999999999927e+03
2.103561868686868053e+01 6.974520000000000437e+03
2.106063131313131009e+01 6.950390000000000327e+03
2.108564393939393966e+01 6.993770000000000437e+03
2.111065656565656212e+01 7.131250000000000000e+03
2.113566919191919169e+01 6.929800000000000182e+03
2.116068181818181415e+01 6.804510000000000218e+03
2.118569444444444372e+01 6.938170000000000073e+03
2.121070707070706618e+01 6.940479999999999563e+03
2.123571969696969575e+01 7.012920000000000073e+03
2.126073232323231821e+01 6.653890000000000327e+03
2.128574494949494778e+01 6.592239999999999782e+03
2.131075757575757024e+01 6.897659999999999854e+03
2.133577020202019980e+01 7.038569999999999709e+03
2.136078282828282227e+01 7.167310000000000400e+03
2.138579545454545183e+01 7.114170000000000073e+03
2.141080808080807429e+01 7.264020000000000437e+03
2.143582070707070386e+01 7.359310000000000400e+03
2.146083333333333343e+01 7.350739999999999782e+03
2.148584595959595589e+01 7.106539999999999964e+03
2.151085858585858546e+01 7.190689999999999600e+03
2.153587121212120792e+01 7.588770000000000437e+03
2.156088383838383749e+01 7.368720000000000255e+03
2.158589646464645995e+01 7.294039999999999964e+03
2.161090909090908951e+01 7.453359999999999673e+03
2.163592171717171198e+01 7.489649999999999636e+03
2.166093434343434154e+01 7.284220000000000255e+03
2.168594696969696400e+01 7.108279999999999745e+03
2.171095959595959357e+01 7.155449999999999818e+03
2.173597222222221603e+01 7.469260000000000218e+03
2.176098484848484560e+01 7.456680000000000291e+03
2.178599747474746806e+01 7.144800000000000182e+03
2.181101010101009763e+01 7.219800000000000182e+03
2.183602272727272720e+01 7.526439999999999600e+03
2.186103535353534966e+01 7.596119999999999891e+03
2.188604797979797922e+01 7.891560000000000400e+03
2.191106060606060169e+01 7.797270000000000437e+03
2.193607323232323125e+01 7.933149999999999636e+03
2.196108585858585371e+01 7.869189999999999600e+03
2.198609848484848328e+01 7.916829999999999927e+03
2.201111111111110574e+01 7.939479999999999563e+03
2.203612373737373531e+01 7.896140000000000327e+03
2.206113636363635777e+01 7.874050000000000182e+03
2.208614898989898734e+01 8.222649999999999636e+03
2.211116161616160980e+01 8.195250000000000000e+03
2.213617424242423937e+01 8.045819999999999709e+03
2.216118686868686893e+01 7.854770000000000437e+03
2.218619949494949140e+01 7.693850000000000364e+03
2.221121212121212096e+01 7.539279999999999745e+03
2.223622474747474342e+01 7.461069999999999709e+03
2.226123737373737299e+01 7.814390000000000327e+03
2.228624999999999545e+01 7.781789999999999964e+03
2.231126262626262502e+01 8.017630000000000109e+03
2.233627525252524748e+01 8.258120000000000800e+03
2.236128787878787705e+01 8.412180000000000291e+03
2.238630050505049951e+01 8.644729999999999563e+03
2.241131313131312908e+01 8.231629999999999200e+03
2.243632575757575154e+01 8.510879999999999200e+03
2.246133838383838111e+01 8.486879999999999200e+03
2.248635101010100357e+01 8.460489999999999782e+03
2.251136363636363313e+01 8.631719999999999345e+03
2.253637626262626270e+01 8.770659999999999854e+03
2.256138888888888516e+01 8.607969999999999345e+03
2.258640151515151473e+01 8.462200000000000728e+03
2.261141414141413719e+01 8.840139999999999418e+03
2.263642676767676676e+01 8.834520000000000437e+03
2.266143939393938922e+01 8.400479999999999563e+03
2.268645202020201879e+01 8.284180000000000291e+03
2.271146464646464125e+01 8.779159999999999854e+03
2.273647727272727082e+01 8.664500000000000000e+03
2.276148989898989328e+01 8.392500000000000000e+03
2.278650252525252284e+01 8.503989999999999782e+03
2.281151515151514531e+01 8.532159999999999854e+03
2.283652777777777487e+01 8.568879999999999200e+03
2.286154040404039733e+01 8.872829999999999927e+03
2.288655303030302690e+01 8.839129999999999200e+03
2.291156565656565647e+01 8.679799999999999272e+03
2.293657828282827893e+01 8.722120000000000800e+03
2.296159090909090850e+01 9.013379999999999200e+03
2.298660353535353096e+01 9.294750000000000000e+03
2.301161616161616053e+01 8.997139999999999418e+03
2.303662878787878299e+01 8.906540000000000873e+03
2.306164141414141255e+01 8.870260000000000218e+03
2.308665404040403502e+01 8.698170000000000073e+03
2.311166666666666458e+01 8.860559999999999491e+03
2.313667929292928704e+01 9.160159999999999854e+03
2.316169191919191661e+01 9.104709999999999127e+03
2.318670454545453907e+01 9.063530000000000655e+03
2.321171717171716864e+01 8.978629999999999200e+03
2.323672979797979821e+01 8.872690000000000509e+03
2.326174242424242067e+01 8.747000000000000000e+03
2.328675505050505024e+01 8.780430000000000291e+03
2.331176767676767270e+01 9.004629999999999200e+03
2.333678030303030226e+01 9.155040000000000873e+03
2.336179292929292473e+01 9.312479999999999563e+03
2.338680555555555429e+01 9.072049999999999272e+03
2.341181818181817675e+01 8.884680000000000291e+03
2.343683080808080632e+01 8.924549999999999272e+03
2.346184343434342878e+01 8.765889999999999418e+03
2.348685606060605835e+01 8.756969999999999345e+03
2.351186868686868081e+01 8.309579999999999927e+03
2.353688131313131038e+01 8.731100000000000364e+03
2.356189393939393284e+01 8.808799999999999272e+03
2.358690656565656241e+01 8.763379999999999200e+03
2.361191919191919197e+01 8.805829999999999927e+03
2.363693181818181444e+01 8.788000000000000000e+03
2.366194444444444400e+01 8.818850000000000364e+03
2.368695707070706646e+01 8.896030000000000655e+03
2.371196969696969603e+01 9.018239999999999782e+03
2.373698232323231849e+01 9.257489999999999782e+03
2.376199494949494806e+01 9.214829999999999927e+03
2.378700757575757052e+01 9.096170000000000073e+03
2.381202020202020009e+01 8.920700000000000728e+03
2.383703282828282255e+01 8.716049999999999272e+03
2.386204545454545212e+01 8.350100000000000364e+03
2.388705808080807458e+01 8.298590000000000146e+03
2.391207070707070415e+01 8.547309999999999491e+03
2.393708333333332661e+01 8.511649999999999636e+03
2.396209595959595617e+01 8.436549999999999272e+03
2.398710858585858574e+01 8.276100000000000364e+03
2.401212121212120820e+01 8.209819999999999709e+03
2.403713383838383777e+01 8.202750000000000000e+03
2.406214646464646023e+01 8.520360000000000582e+03
2.408715909090908980e+01 8.725000000000000000e+03
2.411217171717171226e+01 8.557030000000000655e+03
2.413718434343434183e+01 8.489559999999999491e+03
2.416219696969696429e+01 8.871540000000000873e+03
2.418720959595959386e+01 8.896260000000000218e+03
2.421222222222221632e+01 8.893840000000000146e+03
2.423723484848484588e+01 9.057959999999999127e+03
2.426224747474746835e+01 8.855969999999999345e+03
2.428726010101009791e+01 8.645090000000000146e+03
2.431227272727272037e+01 8.530260000000000218e+03
2.433728535353534994e+01 8.161770000000000437e+03
2.436229797979797951e+01 7.906760000000000218e+03
2.438731060606060197e+01 8.235489999999999782e+03
2.441232323232323154e+01 8.285440000000000509e+03
2.443733585858585400e+01 7.871020000000000437e+03
2.446234848484848357e+01 7.836859999999999673e+03
2.448736111111110603e+01 7.962270000000000437e+03
2.451237373737373559e+01 8.388010000000000218e+03
2.453738636363635806e+01 8.660959999999999127e+03
2.456239898989898762e+01 8.421510000000000218e+03
2.458741161616161008e+01 7.956010000000000218e+03
2.461242424242423965e+01 7.858619999999999891e+03
2.463743686868686211e+01 7.767170000000000073e+03
2.466244949494949168e+01 8.036909999999999854e+03
2.468746212121212125e+01 7.705770000000000437e+03
2.471247474747474371e+01 7.749170000000000073e+03
2.473748737373737328e+01 7.787319999999999709e+03
2.476249999999999574e+01 7.489439999999999600e+03
2.478751262626262530e+01 7.317630000000000109e+03
2.481252525252524777e+01 7.250100000000000364e+03
2.483753787878787733e+01 7.075670000000000073e+03
2.486255050505049979e+01 7.223029999999999745e+03
2.488756313131312936e+01 7.380420000000000073e+03
2.491257575757575182e+01 7.385869999999999891e+03
2.493758838383838139e+01 7.202710000000000036e+03
2.496260101010100385e+01 6.962170000000000073e+03
2.498761363636363342e+01 7.122260000000000218e+03
2.501262626262625588e+01 7.293050000000000182e+03
2.503763888888888545e+01 7.142869999999999891e+03
2.506265151515151501e+01 6.907560000000000400e+03
2.508766414141413748e+01 6.679789999999999964e+03
2.511267676767676704e+01 6.847430000000000291e+03
2.513768939393938950e+01 7.332869999999999891e+03
2.516270202020201907e+01 7.730590000000000146e+03
2.518771464646464153e+01 7.678899999999999636e+03
2.521272727272727110e+01 7.268779999999999745e+03
2.523773989898989356e+01 7.076510000000000218e+03
2.526275252525252313e+01 6.893960000000000036e+03
2.528776515151514559e+01 6.699979999999999563e+03
2.531277777777777516e+01 6.781090000000000146e+03
2.533779040404039762e+01 6.676890000000000327e+03
2.536280303030302719e+01 6.520829999999999927e+03
2.538781565656564965e+01 6.363380000000000109e+03
2.541282828282827921e+01 6.443720000000000255e+03
2.543784090909090878e+01 6.256300000000000182e+03
2.546285353535353124e+01 6.366170000000000073e+03
2.548786616161616081e+01 6.371329999999999927e+03
2.551287878787878327e+01 6.531720000000000255e+03
2.553789141414141284e+01 6.638789999999999964e+03
2.556290404040403530e+01 6.173649999999999636e+03
2.558791666666666487e+01 6.111510000000000218e+03
2.561292929292928733e+01 5.896760000000000218e+03
2.563794191919191690e+01 5.976170000000000073e+03
2.566295454545453936e+01 5.962770000000000437e+03
2.568796717171716892e+01 5.695750000000000000e+03
2.571297979797979139e+01 5.485760000000000218e+03
2.573799242424242095e+01 5.580659999999999854e+03
2.576300505050505052e+01 5.792350000000000364e+03
2.578801767676767298e+01 5.934630000000000109e+03
2.581303030303030255e+01 5.708560000000000400e+03
2.583804292929292501e+01 5.350670000000000073e+03
2.586305555555555458e+01 5.473770000000000437e+03
2.588806818181817704e+01 5.607609999999999673e+03
2.591308080808080661e+01 5.549060000000000400e+03
2.593809343434342907e+01 5.620380000000000109e+03
2.596310606060605863e+01 5.736600000000000364e+03
2.598811868686868110e+01 5.441529999999999745e+03
2.601313131313131066e+01 5.234710000000000036e+03
2.603814393939393312e+01 5.165699999999999818e+03
2.606315656565656269e+01 5.204739999999999782e+03
2.608816919191918515e+01 5.014380000000000109e+03
2.611318181818181472e+01 4.917590000000000146e+03
2.613819444444444429e+01 4.746180000000000291e+03
2.616320707070706675e+01 4.770470000000000255e+03
2.618821969696969632e+01 5.004800000000000182e+03
2.621323232323231878e+01 4.901529999999999745e+03
2.623824494949494834e+01 4.944880000000000109e+03
2.626325757575757081e+01 4.890210000000000036e+03
2.628827020202020037e+01 4.864279999999999745e+03
2.631328282828282283e+01 4.732840000000000146e+03
2.633829545454545240e+01 4.715149999999999636e+03
2.636330808080807486e+01 4.880239999999999782e+03
2.638832070707070443e+01 4.976119999999999891e+03
2.641333333333332689e+01 5.082289999999999964e+03
2.643834595959595646e+01 4.849680000000000291e+03
2.646335858585857892e+01 4.860489999999999782e+03
2.648837121212120849e+01 4.987859999999999673e+03
2.651338383838383805e+01 4.975300000000000182e+03
2.653839646464646052e+01 4.660449999999999818e+03
2.656340909090909008e+01 4.518399999999999636e+03
2.658842171717171254e+01 4.436170000000000073e+03
2.661343434343434211e+01 4.458720000000000255e+03
2.663844696969696457e+01 4.490270000000000437e+03
2.666345959595959414e+01 4.592069999999999709e+03
2.668847222222221660e+01 4.912050000000000182e+03
2.671348484848484617e+01 4.678630000000000109e+03
2.673849747474746863e+01 4.694760000000000218e+03
2.676351010101009820e+01 4.454289999999999964e+03
2.678852272727272066e+01 4.156760000000000218e+03
2.681353535353535023e+01 4.069840000000000146e+03
2.683854797979797269e+01 3.994039999999999964e+03
2.686356060606060225e+01 3.920110000000000127e+03
2.688857323232323182e+01 4.260090000000000146e+03
2.691358585858585428e+01 4.258449999999999818e+03
2.693859848484848385e+01 3.730860000000000127e+03
2.696361111111110631e+01 3.890769999999999982e+03
2.698862373737373588e+01 4.221579999999999927e+03
2.701363636363635834e+01 3.728690000000000055e+03
2.703864898989898791e+01 3.692780000000000200e+03
2.706366161616161037e+01 3.507420000000000073e+03
2.708867424242423994e+01 3.725559999999999945e+03
2.711368686868686240e+01 3.887159999999999854e+03
2.713869949494949196e+01 4.077679999999999836e+03
2.716371212121211443e+01 3.961619999999999891e+03
2.718872474747474399e+01 3.556500000000000000e+03
2.721373737373737356e+01 3.465119999999999891e+03
2.723874999999999602e+01 3.522530000000000200e+03
2.726376262626262559e+01 3.474159999999999854e+03
2.728877525252524805e+01 3.487809999999999945e+03
2.731378787878787762e+01 3.355349999999999909e+03
2.733880050505050008e+01 3.468900000000000091e+03
2.736381313131312965e+01 3.390019999999999982e+03
2.738882575757575211e+01 3.397920000000000073e+03
2.741383838383838167e+01 3.300940000000000055e+03
2.743885101010100414e+01 3.353010000000000218e+03
2.746386363636363370e+01 3.455840000000000146e+03
2.748887626262625616e+01 3.478210000000000036e+03
2.751388888888888573e+01 3.314230000000000018e+03
2.753890151515150819e+01 3.207360000000000127e+03
2.756391414141413776e+01 3.144769999999999982e+03
2.758892676767676733e+01 3.100070000000000164e+03
2.761393939393938979e+01 3.205530000000000200e+03
2.763895202020201936e+01 3.218170000000000073e+03
2.766396464646464182e+01 3.384900000000000091e+03
2.768897727272727138e+01 3.278130000000000109e+03
2.771398989898989385e+01 3.388579999999999927e+03
2.773900252525252341e+01 3.076070000000000164e+03
2.776401515151514587e+01 3.115179999999999836e+03
2.778902777777777544e+01 3.248639999999999873e+03
2.781404040404039790e+01 3.278610000000000127e+03
2.783905303030302747e+01 3.134380000000000109e+03
2.786406565656564993e+01 3.200309999999999945e+03
2.788907828282827950e+01 3.374159999999999854e+03
2.791409090909090196e+01 3.312090000000000146e+03
2.793910353535353153e+01 3.151940000000000055e+03
2.796411616161616109e+01 3.313159999999999854e+03
2.798912878787878356e+01 3.194920000000000073e+03
2.801414141414140602e+01 2.948719999999999800e+03
2.803915404040403558e+01 2.866150000000000091e+03
2.806416666666665805e+01 2.782820000000000164e+03
2.808917929292928761e+01 2.856309999999999945e+03
2.811419191919191718e+01 2.941909999999999854e+03
2.813920454545453964e+01 3.004920000000000073e+03
2.816421717171716921e+01 3.043039999999999964e+03
2.818922979797979167e+01 2.848219999999999800e+03
2.821424242424242124e+01 2.739530000000000200e+03
2.823925505050504370e+01 2.561630000000000109e+03
2.826426767676767327e+01 2.738400000000000091e+03
2.828928030303029573e+01 2.778949999999999818e+03
2.831429292929292529e+01 2.969360000000000127e+03
2.833930555555554776e+01 2.837699999999999818e+03
2.836431818181817732e+01 2.531289999999999964e+03
2.838933080808079978e+01 2.706559999999999945e+03
2.841434343434342935e+01 2.645550000000000182e+03
2.843935606060605181e+01 2.964510000000000218e+03
2.846436868686868138e+01 3.111159999999999854e+03
2.848938131313131095e+01 3.076380000000000109e+03
2.851439393939393341e+01 2.899199999999999818e+03
2.853940656565656298e+01 2.929079999999999927e+03
2.856441919191918544e+01 2.628730000000000018e+03
2.858943181818181500e+01 2.691210000000000036e+03
2.861444444444443747e+01 2.676510000000000218e+03
2.863945707070706703e+01 2.544090000000000146e+03
2.866446969696968949e+01 2.611199999999999818e+03
2.868948232323231906e+01 2.495659999999999854e+03
2.871449494949494152e+01 2.532170000000000073e+03
2.873950757575757109e+01 2.570730000000000018e+03
2.876452020202019355e+01 2.385230000000000018e+03
2.878953282828282312e+01 2.263769999999999982e+03
2.881454545454544558e+01 2.316019999999999982e+03
2.883955808080807515e+01 2.295710000000000036e+03
2.886457070707070471e+01 2.255730000000000018e+03
2.888958333333332718e+01 2.349170000000000073e+03
2.891459595959595674e+01 2.413159999999999854e+03
2.893960858585857920e+01 2.483539999999999964e+03
2.896462121212120877e+01 2.592059999999999945e+03
2.898963383838383123e+01 2.553590000000000146e+03
2.901464646464646080e+01 2.422219999999999800e+03
2.903965909090908326e+01 2.363849999999999909e+03
2.906467171717171283e+01 2.527139999999999873e+03
2.908968434343433529e+01 2.345110000000000127e+03
2.911469696969696486e+01 2.136400000000000091e+03
2.913970959595958732e+01 1.962000000000000000e+03
2.916472222222221689e+01 1.816200000000000045e+03
2.918973484848484645e+01 1.898589999999999918e+03
2.921474747474746891e+01 1.902920000000000073e+03
2.923976010101009848e+01 1.950599999999999909e+03
2.926477272727272094e+01 2.116130000000000109e+03
2.928978535353535051e+01 2.091699999999999818e+03
2.931479797979797297e+01 2.211289999999999964e+03
2.933981060606060254e+01 2.128659999999999854e+03
2.936482323232322500e+01 2.296449999999999818e+03
2.938983585858585457e+01 2.243280000000000200e+03
2.941484848484847703e+01 2.034359999999999900e+03
2.943986111111110660e+01 1.924049999999999955e+03
2.946487373737372906e+01 2.155550000000000182e+03
2.948988636363635862e+01 2.076679999999999836e+03
2.951489898989898109e+01 2.194000000000000000e+03
2.953991161616161065e+01 2.307199999999999818e+03
2.956492424242424022e+01 2.148949999999999818e+03
2.958993686868686268e+01 2.054639999999999873e+03
2.961494949494949225e+01 2.203829999999999927e+03
2.963996212121211471e+01 2.323389999999999873e+03
2.966497474747474428e+01 2.277949999999999818e+03
2.968998737373736674e+01 2.152949999999999818e+03
2.971499999999999631e+01 2.103360000000000127e+03
2.974001262626261877e+01 1.935390000000000100e+03
2.976502525252524833e+01 1.868180000000000064e+03
2.979003787878787080e+01 1.851599999999999909e+03
2.981505050505050036e+01 1.877000000000000000e+03
2.984006313131312282e+01 1.901549999999999955e+03
2.986507575757575239e+01 1.722369999999999891e+03
2.989008838383837485e+01 1.584220000000000027e+03
2.991510101010100442e+01 1.888329999999999927e+03
2.994011363636363399e+01 1.683970000000000027e+03
2.996512626262625645e+01 1.596900000000000091e+03
2.999013888888888602e+01 1.416900000000000091e+03
3.001515151515150848e+01 1.494849999999999909e+03
3.004016414141413804e+01 1.693259999999999991e+03
3.006517676767676051e+01 1.716450000000000045e+03
3.009018939393939007e+01 1.790869999999999891e+03
3.011520202020201253e+01 1.786440000000000055e+03
3.014021464646464210e+01 1.866829999999999927e+03
3.016522727272726456e+01 1.901930000000000064e+03
3.019023989898989413e+01 1.866660000000000082e+03
3.021525252525251659e+01 1.831549999999999955e+03
3.024026515151514616e+01 1.778529999999999973e+03
3.026527777777776862e+01 1.686160000000000082e+03
3.029029040404039819e+01 1.682240000000000009e+03
3.031530303030302775e+01 1.675819999999999936e+03
3.034031565656565022e+01 1.779099999999999909e+03
3.036532828282827978e+01 1.606230000000000018e+03
3.039034090909090224e+01 1.606049999999999955e+03
3.041535353535353181e+01 1.706049999999999955e+03
3.044036616161615427e+01 1.715109999999999900e+03
3.046537878787878384e+01 1.978400000000000091e+03
3.049039141414140630e+01 1.722920000000000073e+03
3.051540404040403587e+01 1.872539999999999964e+03
3.054041666666665833e+01 1.661730000000000018e+03
3.056542929292928790e+01 1.627259999999999991e+03
3.059044191919191036e+01 1.697660000000000082e+03
3.061545454545453993e+01 1.514039999999999964e+03
3.064046717171716949e+01 1.431119999999999891e+03
3.066547979797979195e+01 1.588200000000000045e+03
3.069049242424242152e+01 1.715740000000000009e+03
3.071550505050504398e+01 1.667900000000000091e+03
3.074051767676767355e+01 1.775859999999999900e+03
3.076553030303029601e+01 1.816589999999999918e+03
3.079054292929292558e+01 1.831480000000000018e+03
3.081555555555554804e+01 1.809039999999999964e+03
3.084056818181817761e+01 1.762309999999999945e+03
3.086558080808080007e+01 1.763819999999999936e+03
3.089059343434342964e+01 1.633630000000000109e+03
3.091560606060605210e+01 1.578680000000000064e+03
3.094061868686868166e+01 1.585049999999999955e+03
3.096563131313130413e+01 1.645400000000000091e+03
3.099064393939393369e+01 1.697009999999999991e+03
3.101565656565656326e+01 1.593700000000000045e+03
3.104066919191918572e+01 1.504990000000000009e+03
3.106568181818181529e+01 1.477059999999999945e+03
3.109069444444443775e+01 1.635940000000000055e+03
3.111570707070706732e+01 1.630819999999999936e+03
3.114071969696968978e+01 1.647309999999999945e+03
3.116573232323231935e+01 1.585079999999999927e+03
3.119074494949494181e+01 1.522720000000000027e+03
3.121575757575757137e+01 1.547029999999999973e+03
3.124077020202019384e+01 1.490539999999999964e+03
3.126578282828282340e+01 1.493559999999999945e+03
3.129079545454544586e+01 1.510920000000000073e+03
3.131580808080807543e+01 1.474680000000000064e+03
3.134082070707069789e+01 1.457079999999999927e+03
3.136583333333332746e+01 1.336740000000000009e+03
3.139084595959595703e+01 1.315109999999999900e+03
3.141585858585857949e+01 1.207259999999999991e+03
3.144087121212120906e+01 1.450240000000000009e+03
3.146588383838383152e+01 1.454430000000000064e+03
3.149089646464646108e+01 1.503849999999999909e+03
3.151590909090908355e+01 1.551500000000000000e+03
3.154092171717171311e+01 1.518630000000000109e+03
3.156593434343433557e+01 1.371990000000000009e+03
3.159094696969696514e+01 1.291789999999999964e+03
3.161595959595958760e+01 1.283720000000000027e+03
3.164097222222221717e+01 1.338349999999999909e+03
3.166598484848483963e+01 1.403150000000000091e+03
3.169099747474746920e+01 1.204009999999999991e+03
3.171601010101009877e+01 1.186000000000000000e+03
3.174102272727272123e+01 1.284349999999999909e+03
3.176603535353535079e+01 1.432359999999999900e+03
3.179104797979797326e+01 1.408910000000000082e+03
3.181606060606060282e+01 1.330640000000000100e+03
3.184107323232322528e+01 1.376539999999999964e+03
3.186608585858585485e+01 1.477500000000000000e+03
3.189109848484847731e+01 1.447930000000000064e+03
3.191611111111110688e+01 1.373690000000000055e+03
3.194112373737372934e+01 1.299339999999999918e+03
3.196613636363635891e+01 1.406619999999999891e+03
3.199114898989898137e+01 1.183069999999999936e+03
3.201616161616161094e+01 1.243009999999999991e+03
3.204117424242423340e+01 1.329140000000000100e+03
3.206618686868686297e+01 1.355710000000000036e+03
3.209119949494949253e+01 1.499349999999999909e+03
3.211621212121211499e+01 1.314609999999999900e+03
3.214122474747474456e+01 1.226210000000000036e+03
3.216623737373736702e+01 1.228250000000000000e+03
3.219124999999999659e+01 1.406269999999999982e+03
3.221626262626261905e+01 1.514210000000000036e+03
3.224127525252524862e+01 1.360609999999999900e+03
3.226628787878787108e+01 1.298619999999999891e+03
3.229130050505050065e+01 1.371450000000000045e+03
3.231631313131312311e+01 1.473240000000000009e+03
3.234132575757575268e+01 1.449529999999999973e+03
3.236633838383837514e+01 1.440940000000000055e+03
3.239135101010100470e+01 1.226950000000000045e+03
3.241636363636362717e+01 1.242019999999999982e+03
3.244137626262625673e+01 1.272900000000000091e+03
3.246638888888888630e+01 1.371329999999999927e+03
3.249140151515150876e+01 1.323670000000000073e+03
3.251641414141413833e+01 1.328619999999999891e+03
3.254142676767676079e+01 1.278920000000000073e+03
3.256643939393939036e+01 1.295819999999999936e+03
3.259145202020201282e+01 1.326450000000000045e+03
3.261646464646464239e+01 1.370539999999999964e+03
3.264147727272726485e+01 1.228769999999999982e+03
3.266648989898989441e+01 9.701779999999999973e+02
3.269150252525251688e+01 1.053369999999999891e+03
3.271651515151514644e+01 1.199529999999999973e+03
3.274152777777776890e+01 1.328140000000000100e+03
3.276654040404039847e+01 1.331710000000000036e+03
3.279155303030302093e+01 1.199480000000000018e+03
3.281656565656565050e+01 1.227259999999999991e+03
3.284157828282828007e+01 1.106660000000000082e+03
3.286659090909090253e+01 1.066569999999999936e+03
3.289160353535353210e+01 1.231240000000000009e+03
3.291661616161615456e+01 1.043880000000000109e+03
3.294162878787878412e+01 1.072470000000000027e+03
3.296664141414140659e+01 1.163000000000000000e+03
3.299165404040403615e+01 1.126529999999999973e+03
3.301666666666665861e+01 1.087730000000000018e+03
3.304167929292928818e+01 1.152799999999999955e+03
3.306669191919191064e+01 1.190230000000000018e+03
3.309170454545454021e+01 1.087710000000000036e+03
3.311671717171716267e+01 1.109990000000000009e+03
3.314172979797979224e+01 1.053740000000000009e+03
3.316674242424242181e+01 1.158029999999999973e+03
3.319175505050504427e+01 1.143839999999999918e+03
3.321676767676767383e+01 1.115000000000000000e+03
3.324178030303029630e+01 1.079109999999999900e+03
3.326679292929292586e+01 1.249829999999999927e+03
3.329180555555554832e+01 1.254819999999999936e+03
3.331681818181817789e+01 1.292349999999999909e+03
3.334183080808080035e+01 1.342289999999999964e+03
3.336684343434342992e+01 1.183559999999999945e+03
3.339185606060605238e+01 1.295549999999999955e+03
3.341686868686868195e+01 1.162329999999999927e+03
3.344188131313130441e+01 1.092640000000000100e+03
3.346689393939393398e+01 1.050329999999999927e+03
3.349190656565655644e+01 1.034079999999999927e+03
3.351691919191918601e+01 1.322950000000000045e+03
3.354193181818181557e+01 1.161130000000000109e+03
3.356694444444443803e+01 1.076289999999999964e+03
3.359195707070706760e+01 1.226740000000000009e+03
3.361696969696969006e+01 1.106230000000000018e+03
3.364198232323231963e+01 1.088230000000000018e+03
3.366699494949494209e+01 1.214170000000000073e+03
3.369200757575757166e+01 1.216160000000000082e+03
3.371702020202019412e+01 1.091490000000000009e+03
3.374203282828282369e+01 9.716570000000000391e+02
3.376704545454544615e+01 1.143529999999999973e+03
3.379205808080807572e+01 1.210059999999999945e+03
3.381707070707069818e+01 1.244799999999999955e+03
3.384208333333332774e+01 1.263309999999999945e+03
3.386709595959595021e+01 1.171460000000000036e+03
3.389210858585857977e+01 1.165400000000000091e+03
3.391712121212120934e+01 1.319210000000000036e+03
3.394213383838383180e+01 1.374500000000000000e+03
3.396714646464646137e+01 1.377369999999999891e+03
3.399215909090908383e+01 1.347140000000000100e+03
3.401717171717171340e+01 1.380349999999999909e+03
3.404218434343433586e+01 1.261569999999999936e+03
3.406719696969696543e+01 1.125460000000000036e+03
3.409220959595958789e+01 1.293670000000000073e+03
3.411722222222221745e+01 1.281240000000000009e+03
3.414223484848483992e+01 1.139559999999999945e+03
3.416724747474746948e+01 1.233569999999999936e+03
3.419226010101009194e+01 1.261400000000000091e+03
3.421727272727272151e+01 1.217920000000000073e+03
3.424228535353535108e+01 1.204710000000000036e+03
3.426729797979797354e+01 1.070880000000000109e+03
3.429231060606060311e+01 1.085809999999999945e+03
3.431732323232322557e+01 1.220250000000000000e+03
3.434233585858585514e+01 1.259180000000000064e+03
3.436734848484847760e+01 1.084849999999999909e+03
3.439236111111110716e+01 1.153359999999999900e+03
3.441737373737372963e+01 1.086210000000000036e+03
3.444238636363635919e+01 1.019950000000000045e+03
3.446739898989898165e+01 9.467580000000000382e+02
3.449241161616161122e+01 8.837169999999999845e+02
3.451742424242423368e+01 9.754320000000000164e+02
3.454243686868686325e+01 1.058549999999999955e+03
3.456744949494948571e+01 1.166450000000000045e+03
3.459246212121211528e+01 1.128099999999999909e+03
3.461747474747474485e+01 1.048390000000000100e+03
3.464248737373736731e+01 8.861399999999999864e+02
3.466749999999999687e+01 8.807880000000000109e+02
3.469251262626261934e+01 9.473220000000000027e+02
3.471752525252524890e+01 9.495000000000000000e+02
3.474253787878787136e+01 9.096789999999999736e+02
3.476755050505050093e+01 1.087289999999999964e+03
3.479256313131312339e+01 1.143279999999999973e+03
3.481757575757575296e+01 1.174039999999999964e+03
3.484258838383837542e+01 1.050750000000000000e+03
3.486760101010100499e+01 9.903469999999999800e+02
3.489261363636362745e+01 8.861100000000000136e+02
3.491762626262625702e+01 9.797190000000000509e+02
3.494263888888887948e+01 9.612549999999999955e+02
3.496765151515150905e+01 9.958920000000000528e+02
3.499266414141413861e+01 1.011179999999999950e+03
3.501767676767676107e+01 1.022940000000000055e+03
3.504268939393939064e+01 8.206849999999999454e+02
3.506770202020201310e+01 7.988540000000000418e+02
3.509271464646464267e+01 8.665420000000000300e+02
3.511772727272726513e+01 6.852240000000000464e+02
3.514273989898989470e+01 8.227129999999999654e+02
3.516775252525251716e+01 9.060470000000000255e+02
3.519276515151514673e+01 9.493160000000000309e+02
3.521777777777776919e+01 9.991409999999999627e+02
3.524279040404039876e+01 9.410660000000000309e+02
3.526780303030302122e+01 8.093869999999999436e+02
3.529281565656565078e+01 9.982119999999999891e+02
3.531782828282827325e+01 1.136920000000000073e+03
3.534284090909090281e+01 1.012470000000000027e+03
3.536785353535353238e+01 9.546770000000000209e+02
3.539286616161615484e+01 1.067109999999999900e+03
3.541787878787878441e+01 1.171150000000000091e+03
3.544289141414140687e+01 1.125650000000000091e+03
3.546790404040403644e+01 1.179980000000000018e+03
3.549291666666665890e+01 1.143609999999999900e+03
3.551792929292928847e+01 1.013610000000000014e+03
3.554294191919191093e+01 9.174310000000000400e+02
3.556795454545454049e+01 1.040140000000000100e+03
3.559296717171716296e+01 1.045589999999999918e+03
3.561797979797979252e+01 1.169309999999999945e+03
3.564299242424241498e+01 1.071460000000000036e+03
3.566800505050504455e+01 1.238349999999999909e+03
3.569301767676767412e+01 1.096450000000000045e+03
3.571803030303029658e+01 9.252419999999999618e+02
3.574304292929292615e+01 9.540380000000000109e+02
3.576805555555554861e+01 9.580270000000000437e+02
3.579306818181817818e+01 1.061809999999999945e+03
3.581808080808080064e+01 9.674189999999999827e+02
3.584309343434343020e+01 1.002730000000000018e+03
3.586810606060605267e+01 1.016279999999999973e+03
3.589311868686868223e+01 1.035069999999999936e+03
3.591813131313130469e+01 9.792759999999999536e+02
3.594314393939393426e+01 8.418980000000000246e+02
3.596815656565655672e+01 8.180270000000000437e+02
3.599316919191918629e+01 8.266699999999999591e+02
3.601818181818180875e+01 9.448020000000000209e+02
3.604319444444443832e+01 1.044630000000000109e+03
3.606820707070706788e+01 1.020970000000000027e+03
3.609321969696969035e+01 1.076940000000000055e+03
3.611823232323231991e+01 1.054950000000000045e+03
3.614324494949494238e+01 9.374460000000000264e+02
3.616825757575757194e+01 1.052680000000000064e+03
3.619327020202019440e+01 1.075940000000000055e+03
3.621828282828282397e+01 1.069470000000000027e+03
3.624329545454544643e+01 1.127650000000000091e+03
3.626830808080807600e+01 1.026710000000000036e+03
3.629332070707069846e+01 9.743410000000000082e+02
3.631833333333332803e+01 8.881209999999999809e+02
3.634334595959595049e+01 8.960779999999999745e+02
3.636835858585858006e+01 9.310919999999999845e+02
3.639337121212120252e+01 1.054480000000000018e+03
3.641838383838383209e+01 9.656040000000000418e+02
3.644339646464646165e+01 1.011360000000000014e+03
3.646840909090908411e+01 1.115130000000000109e+03
3.649342171717171368e+01 1.263349999999999909e+03
3.651843434343433614e+01 1.270920000000000073e+03
3.654344696969696571e+01 1.094519999999999982e+03
3.656845959595958817e+01 1.091319999999999936e+03
3.659347222222221774e+01 1.106529999999999973e+03
3.661848484848484020e+01 1.119640000000000100e+03
3.664349747474746977e+01 1.129849999999999909e+03
3.666851010101009223e+01 1.051460000000000036e+03
3.669352272727272180e+01 1.042410000000000082e+03
3.671853535353534426e+01 9.783279999999999745e+02
3.674354797979797382e+01 1.167410000000000082e+03
3.676856060606060339e+01 1.141359999999999900e+03
3.679357323232322585e+01 1.071000000000000000e+03
3.681858585858585542e+01 1.008370000000000005e+03
3.684359848484847788e+01 1.019210000000000036e+03
3.686861111111110745e+01 1.040920000000000073e+03
3.689362373737372991e+01 9.490309999999999491e+02
3.691863636363635948e+01 1.023629999999999995e+03
3.694364898989898194e+01 9.310130000000000337e+02
3.696866161616161151e+01 1.054819999999999936e+03
3.699367424242423397e+01 1.085309999999999945e+03
3.701868686868686353e+01 9.747830000000000155e+02
3.704369949494948600e+01 9.947590000000000146e+02
3.706871212121211556e+01 1.058279999999999973e+03
3.709372474747473802e+01 1.075309999999999945e+03
3.711873737373736759e+01 9.365839999999999463e+02
3.714374999999999716e+01 8.454329999999999927e+02
3.716876262626261962e+01 8.391059999999999945e+02
3.719377525252524919e+01 8.689299999999999500e+02
3.721878787878787165e+01 9.790990000000000464e+02
3.724380050505050122e+01 1.000379999999999995e+03
3.726881313131312368e+01 1.001710000000000036e+03
3.729382575757575324e+01 9.184550000000000409e+02
3.731883838383837571e+01 8.099279999999999973e+02
3.734385101010100527e+01 7.468550000000000182e+02
3.736886363636362773e+01 7.805549999999999500e+02
3.739387626262625730e+01 8.650589999999999691e+02
3.741888888888887976e+01 8.413780000000000427e+02
3.744390151515150933e+01 9.151509999999999536e+02
3.746891414141413179e+01 8.314009999999999536e+02
3.749392676767676136e+01 9.039400000000000546e+02
3.751893939393939092e+01 8.751979999999999791e+02
3.754395202020201339e+01 8.911649999999999636e+02
3.756896464646464295e+01 8.596789999999999736e+02
3.759397727272726542e+01 9.493450000000000273e+02
3.761898989898989498e+01 9.928060000000000400e+02
3.764400252525251744e+01 9.501240000000000236e+02
3.766901515151514701e+01 9.788790000000000191e+02
3.769402777777776947e+01 9.743819999999999482e+02
3.771904040404039904e+01 8.979039999999999964e+02
3.774405303030302150e+01 9.454750000000000227e+02
3.776906565656565107e+01 9.724080000000000155e+02
3.779407828282827353e+01 9.004400000000000546e+02
3.781909090909090310e+01 8.554299999999999500e+02
3.784410353535352556e+01 8.842870000000000346e+02
3.786911616161615513e+01 9.725270000000000437e+02
3.789412878787878469e+01 7.714009999999999536e+02
3.791914141414140715e+01 8.790969999999999800e+02
3.794415404040403672e+01 9.451330000000000382e+02
3.796916666666665918e+01 1.092500000000000000e+03
3.799417929292928875e+01 9.454410000000000309e+02
3.801919191919191121e+01 8.572150000000000318e+02
3.804420454545454078e+01 7.439880000000000564e+02
3.806921717171716324e+01 6.366409999999999627e+02
3.809422979797979281e+01 7.398250000000000455e+02
3.811924242424241527e+01 6.979370000000000118e+02
3.814425505050504484e+01 8.123700000000000045e+02
3.816926767676766730e+01 8.629729999999999563e+02
3.819428030303029686e+01 8.206330000000000382e+02
3.821929292929292643e+01 7.891240000000000236e+02
3.824430555555554889e+01 6.206280000000000427e+02
3.826931818181817846e+01 7.237100000000000364e+02
3.829433080808080092e+01 6.429389999999999645e+02
3.831934343434343049e+01 6.992269999999999754e+02
3.834435606060605295e+01 7.913239999999999554e+02
3.836936868686868252e+01 8.002390000000000327e+02
3.839438131313130498e+01 8.371119999999999663e+02
3.841939393939393455e+01 7.697440000000000282e+02
3.844440656565655701e+01 7.749579999999999700e+02
3.846941919191918657e+01 8.328479999999999563e+02
3.849443181818180904e+01 1.004899999999999977e+03
3.851944444444443860e+01 9.568070000000000164e+02
3.854445707070706106e+01 1.035809999999999945e+03
3.856946969696969063e+01 8.936929999999999836e+02
3.859448232323232020e+01 8.911280000000000427e+02
3.861949494949494266e+01 9.741720000000000255e+02
3.864450757575757223e+01 1.032240000000000009e+03
3.866952020202019469e+01 9.025339999999999918e+02
3.869453282828282425e+01 1.048769999999999982e+03
3.871954545454544672e+01 9.835280000000000200e+02
3.874455808080807628e+01 1.035430000000000064e+03
3.876957070707069875e+01 9.235689999999999600e+02
3.879458333333332831e+01 8.894569999999999936e+02
3.881959595959595077e+01 9.024930000000000518e+02
3.884460858585858034e+01 8.739320000000000164e+02
3.886962121212120280e+01 7.101950000000000500e+02
3.889463383838383237e+01 7.323830000000000382e+02
3.891964646464645483e+01 7.906449999999999818e+02
3.894465909090908440e+01 7.711779999999999973e+02
3.896967171717171396e+01 8.091950000000000500e+02
3.899468434343433643e+01 9.865539999999999736e+02
3.901969696969696599e+01 8.411269999999999527e+02
3.904470959595958846e+01 8.466299999999999955e+02
3.906972222222221802e+01 9.496290000000000191e+02
3.909473484848484048e+01 1.052910000000000082e+03
3.911974747474747005e+01 1.026859999999999900e+03
3.914476010101009251e+01 1.028960000000000036e+03
3.916977272727272208e+01 9.412200000000000273e+02
3.919478535353534454e+01 9.702569999999999482e+02
3.921979797979797411e+01 1.064869999999999891e+03
3.924481060606059657e+01 9.711620000000000346e+02
3.926982323232322614e+01 1.001360000000000014e+03
3.929483585858585570e+01 9.767740000000000009e+02
3.931984848484847817e+01 1.089160000000000082e+03
3.934486111111110773e+01 1.069259999999999991e+03
3.936987373737373019e+01 1.046130000000000109e+03
3.939488636363635976e+01 9.357329999999999472e+02
3.941989898989898222e+01 8.273189999999999600e+02
3.944491161616161179e+01 7.615030000000000427e+02
3.946992424242423425e+01 8.510199999999999818e+02
3.949493686868686382e+01 8.754800000000000182e+02
3.951994949494948628e+01 9.410689999999999600e+02
3.954496212121211585e+01 9.750599999999999454e+02
3.956997474747473831e+01 1.090990000000000009e+03
3.959498737373736788e+01 9.850720000000000027e+02
3.961999999999999034e+01 9.429349999999999454e+02
3.964501262626261990e+01 1.044619999999999891e+03
3.967002525252524947e+01 1.083349999999999909e+03
3.969503787878787193e+01 1.020279999999999973e+03
3.972005050505050150e+01 8.678799999999999955e+02
3.974506313131312396e+01 7.943310000000000173e+02
3.977007575757575353e+01 9.381799999999999500e+02
3.979508838383837599e+01 9.925470000000000255e+02
3.982010101010100556e+01 8.736829999999999927e+02
3.984511363636362802e+01 9.572169999999999845e+02
3.987012626262625758e+01 1.075130000000000109e+03
3.989513888888888005e+01 9.610829999999999700e+02
3.992015151515150961e+01 1.022070000000000050e+03
3.994516414141413208e+01 1.123750000000000000e+03
3.997017676767676164e+01 1.035670000000000073e+03
3.999518939393938410e+01 1.076390000000000100e+03
4.002020202020201367e+01 9.869080000000000155e+02
4.004521464646464324e+01 9.920729999999999791e+02
4.007022727272726570e+01 8.718469999999999800e+02
4.009523989898989527e+01 8.197820000000000391e+02
4.012025252525251773e+01 9.387060000000000173e+02
4.014526515151514729e+01 9.745339999999999918e+02
4.017027777777776976e+01 9.407770000000000437e+02
4.019529040404039932e+01 1.053869999999999891e+03
4.022030303030302179e+01 1.088059999999999945e+03
4.024531565656565135e+01 1.266950000000000045e+03
4.027032828282827381e+01 1.117390000000000100e+03
4.029534090909090338e+01 9.693110000000000355e+02
4.032035353535352584e+01 1.023830000000000041e+03
4.034536616161615541e+01 1.156250000000000000e+03
4.037037878787878498e+01 1.203890000000000100e+03
4.039539141414140744e+01 1.067319999999999936e+03
4.042040404040403700e+01 1.049369999999999891e+03
4.044541666666665947e+01 1.145430000000000064e+03
4.047042929292928903e+01 1.128609999999999900e+03
4.049544191919191150e+01 1.193529999999999973e+03
4.052045454545454106e+01 1.124230000000000018e+03
4.054546717171716352e+01 1.120109999999999900e+03
4.057047979797979309e+01 1.251740000000000009e+03
4.059549242424241555e+01 1.168789999999999964e+03
4.062050505050504512e+01 1.126140000000000100e+03
4.064551767676766758e+01 1.113579999999999927e+03
4.067053030303029715e+01 1.227000000000000000e+03
4.069554292929291961e+01 1.145039999999999964e+03
4.072055555555554918e+01 1.103640000000000100e+03
4.074556818181817874e+01 1.108109999999999900e+03
4.077058080808080121e+01 1.249390000000000100e+03
4.079559343434343077e+01 1.186259999999999991e+03
4.082060606060605323e+01 1.034599999999999909e+03
4.084561868686868280e+01 1.151650000000000091e+03
4.087063131313130526e+01 1.003409999999999968e+03
4.089564393939393483e+01 9.752949999999999591e+02
4.092065656565655729e+01 1.039089999999999918e+03
4.094566919191918686e+01 1.037769999999999982e+03
4.097068181818180932e+01 9.872970000000000255e+02
4.099569444444443889e+01 1.121619999999999891e+03
4.102070707070706135e+01 1.046539999999999964e+03
4.104571969696969092e+01 1.118940000000000055e+03
4.107073232323231338e+01 1.100829999999999927e+03
4.109574494949494294e+01 1.104309999999999945e+03
4.112075757575757251e+01 1.164369999999999891e+03
4.114577020202019497e+01 1.041789999999999964e+03
4.117078282828282454e+01 1.176900000000000091e+03
4.119579545454544700e+01 1.360690000000000055e+03
4.122080808080807657e+01 1.381069999999999936e+03
4.124582070707069903e+01 1.261029999999999973e+03
4.127083333333332860e+01 1.125410000000000082e+03
4.129584595959595106e+01 1.227529999999999973e+03
4.132085858585858062e+01 1.283759999999999991e+03
4.134587121212120309e+01 1.302789999999999964e+03
4.137088383838383265e+01 1.327650000000000091e+03
4.139589646464645512e+01 1.248259999999999991e+03
4.142090909090908468e+01 1.252380000000000109e+03
4.144592171717170714e+01 1.144740000000000009e+03
4.147093434343433671e+01 1.070740000000000009e+03
4.149594696969696628e+01 1.099910000000000082e+03
4.152095959595958874e+01 1.050000000000000000e+03
4.154597222222221831e+01 1.169650000000000091e+03
4.157098484848484077e+01 1.180069999999999936e+03
4.159599747474747033e+01 1.135180000000000064e+03
4.162101010101009280e+01 1.215460000000000036e+03
4.164602272727272236e+01 1.235150000000000091e+03
4.167103535353534483e+01 1.244220000000000027e+03
4.169604797979797439e+01 1.355359999999999900e+03
4.172106060606059685e+01 1.430430000000000064e+03
4.174607323232322642e+01 1.347789999999999964e+03
4.177108585858584888e+01 1.196920000000000073e+03
4.179609848484847845e+01 1.155210000000000036e+03
4.182111111111110802e+01 1.129130000000000109e+03
4.184612373737373048e+01 1.062309999999999945e+03
4.187113636363636004e+01 9.947110000000000127e+02
4.189614898989898251e+01 1.180710000000000036e+03
4.192116161616161207e+01 1.222960000000000036e+03
4.194617424242423454e+01 1.137660000000000082e+03
4.197118686868686410e+01 1.339559999999999945e+03
4.199619949494948656e+01 1.459990000000000009e+03
4.202121212121211613e+01 1.306059999999999945e+03
4.204622474747473859e+01 1.305450000000000045e+03
4.207123737373736816e+01 1.201930000000000064e+03
4.209624999999999062e+01 1.143970000000000027e+03
4.212126262626262019e+01 1.107460000000000036e+03
4.214627525252524265e+01 1.232250000000000000e+03
4.217128787878787222e+01 1.235420000000000073e+03
4.219630050505050178e+01 1.327859999999999900e+03
4.222131313131312425e+01 1.470490000000000009e+03
4.224632575757575381e+01 1.509059999999999945e+03
4.227133838383837627e+01 1.324509999999999991e+03
4.229635101010100584e+01 1.368529999999999973e+03
4.232136363636362830e+01 1.412430000000000064e+03
4.234637626262625787e+01 1.238400000000000091e+03
4.237138888888888033e+01 1.139930000000000064e+03
4.239640151515150990e+01 1.313210000000000036e+03
4.242141414141413236e+01 1.284880000000000109e+03
4.244642676767676193e+01 1.206250000000000000e+03
4.247143939393938439e+01 1.154109999999999900e+03
4.249645202020201395e+01 1.185609999999999900e+03
4.252146464646463642e+01 1.412549999999999955e+03
4.254647727272726598e+01 1.373150000000000091e+03
4.257148989898989555e+01 1.375109999999999900e+03
4.259650252525251801e+01 1.195009999999999991e+03
4.262151515151514758e+01 1.218650000000000091e+03
4.264652777777777004e+01 1.207480000000000018e+03
4.267154040404039961e+01 1.146809999999999945e+03
4.269655303030302207e+01 1.161039999999999964e+03
4.272156565656565164e+01 1.220759999999999991e+03
4.274657828282827410e+01 1.331430000000000064e+03
4.277159090909090366e+01 1.314859999999999900e+03
4.279660353535352613e+01 1.261309999999999945e+03
4.282161616161615569e+01 1.225440000000000055e+03
4.284662878787877816e+01 1.346029999999999973e+03
4.287164141414140772e+01 1.220750000000000000e+03
4.289665404040403729e+01 1.128359999999999900e+03
4.292166666666665975e+01 1.145069999999999936e+03
4.294667929292928932e+01 9.951269999999999527e+02
4.297169191919191178e+01 1.179859999999999900e+03
4.299670454545454135e+01 1.185359999999999900e+03
4.302171717171716381e+01 1.254400000000000091e+03
4.304672979797979337e+01 1.395670000000000073e+03
4.307174242424241584e+01 1.561380000000000109e+03
4.309675505050504540e+01 1.240470000000000027e+03
4.312176767676766787e+01 1.036690000000000055e+03
4.314678030303029743e+01 1.188049999999999955e+03
4.317179292929291989e+01 1.208349999999999909e+03
4.319680555555554946e+01 1.290069999999999936e+03
4.322181818181817192e+01 1.225509999999999991e+03
4.324683080808080149e+01 1.244779999999999973e+03
4.327184343434343106e+01 1.183910000000000082e+03
4.329685606060605352e+01 1.107549999999999955e+03
4.332186868686868308e+01 1.069940000000000055e+03
4.334688131313130555e+01 1.103210000000000036e+03
4.337189393939393511e+01 1.435579999999999927e+03
4.339690656565655758e+01 1.245440000000000055e+03
4.342191919191918714e+01 1.195859999999999900e+03
4.344693181818180960e+01 1.217640000000000100e+03
4.347194444444443917e+01 1.127269999999999982e+03
4.349695707070706163e+01 1.091220000000000027e+03
4.352196969696969120e+01 1.180089999999999918e+03
4.354698232323231366e+01 1.161960000000000036e+03
4.357199494949494323e+01 1.306450000000000045e+03
4.359700757575756569e+01 1.419859999999999900e+03
4.362202020202019526e+01 1.336039999999999964e+03
4.364703282828282482e+01 1.408690000000000055e+03
4.367204545454544728e+01 1.448009999999999991e+03
4.369705808080807685e+01 1.387750000000000000e+03
4.372207070707069931e+01 1.379319999999999936e+03
4.374708333333332888e+01 1.282140000000000100e+03
4.377209595959595134e+01 1.245890000000000100e+03
4.379710858585858091e+01 1.227759999999999991e+03
4.382212121212120337e+01 1.195430000000000064e+03
4.384713383838383294e+01 1.230170000000000073e+03
4.387214646464645540e+01 1.205740000000000009e+03
4.389715909090908497e+01 1.023830000000000041e+03
4.392217171717170743e+01 8.873690000000000282e+02
4.394718434343433699e+01 1.004940000000000055e+03
4.397219696969695946e+01 1.231869999999999891e+03
4.399720959595958902e+01 1.180269999999999982e+03
4.402222222222221859e+01 1.035079999999999927e+03
4.404723484848484105e+01 1.004690000000000055e+03
4.407224747474747062e+01 1.057789999999999964e+03
4.409726010101009308e+01 1.191359999999999900e+03
4.412227272727272265e+01 1.160250000000000000e+03
4.414728535353534511e+01 1.014309999999999945e+03
4.417229797979797468e+01 1.238339999999999918e+03
4.419731060606059714e+01 1.257779999999999973e+03
4.422232323232322670e+01 1.036880000000000109e+03
4.424733585858584917e+01 1.001309999999999945e+03
4.427234848484847873e+01 1.037920000000000073e+03
4.429736111111110120e+01 1.062119999999999891e+03
4.432237373737373076e+01 1.033839999999999918e+03
4.434738636363636033e+01 1.273349999999999909e+03
4.437239898989898279e+01 1.157369999999999891e+03
4.439741161616161236e+01 9.944950000000000045e+02
4.442242424242423482e+01 1.026220000000000027e+03
4.444743686868686439e+01 1.130349999999999909e+03
4.447244949494948685e+01 1.258809999999999945e+03
4.449746212121211641e+01 1.163289999999999964e+03
4.452247474747473888e+01 1.126690000000000055e+03
4.454748737373736844e+01 1.192650000000000091e+03
4.457249999999999091e+01 1.258750000000000000e+03
4.459751262626262047e+01 1.250440000000000055e+03
4.462252525252524293e+01 1.180990000000000009e+03
4.464753787878787250e+01 1.111640000000000100e+03
4.467255050505049496e+01 1.275440000000000055e+03
4.469756313131312453e+01 1.221859999999999900e+03
4.472257575757575410e+01 1.172500000000000000e+03
4.474758838383837656e+01 1.204069999999999936e+03
4.477260101010100612e+01 1.189660000000000082e+03
4.479761363636362859e+01 1.199259999999999991e+03
4.482262626262625815e+01 1.162460000000000036e+03
4.484763888888888062e+01 1.235490000000000009e+03
4.487265151515151018e+01 1.217960000000000036e+03
4.489766414141413264e+01 1.313920000000000073e+03
4.492267676767676221e+01 1.396920000000000073e+03
4.494768939393938467e+01 1.242130000000000109e+03
4.497270202020201424e+01 1.283160000000000082e+03
4.499771464646463670e+01 1.125759999999999991e+03
4.502272727272726627e+01 1.206930000000000064e+03
4.504773989898988873e+01 1.239170000000000073e+03
4.507275252525251830e+01 1.108049999999999955e+03
4.509776515151514786e+01 1.141059999999999945e+03
4.512277777777777032e+01 1.172599999999999909e+03
4.514779040404039989e+01 1.146819999999999936e+03
4.517280303030302235e+01 1.104210000000000036e+03
4.519781565656565192e+01 1.056490000000000009e+03
4.522282828282827438e+01 9.682190000000000509e+02
4.524784090909090395e+01 8.201889999999999645e+02
4.527285353535352641e+01 8.418319999999999936e+02
4.529786616161615598e+01 1.052289999999999964e+03
4.532287878787877844e+01 1.006399999999999977e+03
4.534789141414140801e+01 9.648990000000000009e+02
4.537290404040403047e+01 8.885030000000000427e+02
4.539791666666666003e+01 1.067569999999999936e+03
4.542292929292928960e+01 1.275390000000000100e+03
4.544794191919191206e+01 1.333680000000000064e+03
4.547295454545454163e+01 1.300009999999999991e+03
4.549796717171716409e+01 9.754109999999999445e+02
4.552297979797979366e+01 9.170349999999999682e+02
