2.052052052052051948e-02
2.332332332332331948e-02
2.726326326326325433e-02
2.692692692692691403e-02
2.647847847847849267e-02
2.532532532532532840e-02
2.472472472472472815e-02
2.452452452452452691e-02
2.492492492492493286e-02
2.592592592592593906e-02
2.732732732732731998e-02
2.892892892892892642e-02
3.053053053053053634e-02
3.233233233233231974e-02
3.433433433433433213e-02
3.633633633633634452e-02
3.853853853853853040e-02
4.037237237237235876e-02
4.234234234234234701e-02
4.434434434434433858e-02
4.634634634634635098e-02
