3.113113113113113659e-02
3.013013013013013386e-02
2.952952952952953014e-02
2.892892892892892642e-02
2.832832832832832617e-02
2.772772772772771899e-02
2.732732732732732345e-02
2.712712712712711527e-02
2.696696696696695289e-02
2.692692692692691403e-02
2.692692692692691403e-02
2.712712712712711527e-02
2.732732732732732345e-02
2.752752752752751775e-02
2.752752752752751775e-02
2.752752752752751775e-02
2.752752752752751775e-02
2.752752752752751775e-02
2.752752752752751775e-02
2.752752752752751775e-02
2.732732732732732345e-02
2.732732732732732345e-02
2.732732732732732345e-02
2.752752752752751775e-02
2.772772772772771899e-02
2.792792792792792023e-02
2.812812812812811800e-02
2.832832832832832964e-02
2.852852852852852394e-02
2.892892892892892642e-02
2.892892892892892642e-02
2.912912912912912766e-02
2.972972972972973138e-02
3.013013013013013039e-02
3.053053053053053634e-02
3.121921921921922208e-02
