1.143143143143143456e-02
1.291291291291290881e-02
1.411411411411411798e-02
1.511511511511510857e-02
1.631631631631631774e-02
1.751751751751750782e-02
1.871871871871871873e-02
1.991991991991992964e-02
2.092092092092091848e-02
2.192192192192192468e-02
2.252252252252253187e-02
2.332332332332331948e-02
2.372372372372371849e-02
2.432432432432432914e-02
2.492492492492493286e-02
2.552552552552552964e-02
2.612612612612613683e-02
2.652652652652653931e-02
2.712712712712711527e-02
2.792792792792792023e-02
2.852852852852852394e-02
