2.472472472472472815e-02
2.472472472472472815e-02
2.472472472472472815e-02
2.472472472472472815e-02
2.472472472472472815e-02
2.492492492492493286e-02
2.472472472472472815e-02
2.452452452452452691e-02
2.432432432432432567e-02
2.412412412412412444e-02
2.392392392392393013e-02
2.372372372372372196e-02
2.372372372372372196e-02
2.352352352352351725e-02
2.352352352352351725e-02
2.332332332332331948e-02
2.332332332332331948e-02
2.308308308308307938e-02
2.292292292292291700e-02
2.272272272272272964e-02
2.252252252252253187e-02
2.232232232232232716e-02
2.212212212212212939e-02
2.192192192192192468e-02
2.192192192192192468e-02
2.152152152152151873e-02
2.132132132132132096e-02
2.112112112112111972e-02
2.092092092092091848e-02
2.087287287287287185e-02
2.052052052052051948e-02
2.032032032032031477e-02
2.025625625625625259e-02
1.991991991991992964e-02
1.977577577577578280e-02
1.963163163163163596e-02
