1.666483
1.918879
1.213639
1.307907
16.065193
1.478510
1.330727
1.541519
1.338276
1.634915
1.388667
1.873742
1.242168
1.122592
1.491761
1.466303
1.953613
1.508621
1.267578
1.885640
1.505799
1.231116
1.737733
1.473596
1.429831
1.218596
1.260890
1.564556
1.628398
1.473352
1.404049
24.213514
1.629205
1.717183
1.793829
1.716965
1.278307
1.588772
1.212971
1.181997
1.819251
1.322091
1.503458
1.291668
4.653518
1.381938
1.397091
1.245694
1.688526
1.273588
1.607658
1.571384
1.370610
1.365429
1.233794
24.013203
1.670521
1.383990
1.403471
1.488635
1.712309
24.603807
1.427046
1.270399
1.138606
1.476823
1.284174
1.438013
1.860927
1.234743
1.423504
1.283149
1.362775
1.249871
1.584058
1.974832
1.328957
1.245636
23.159960
1.687470
1.400451
1.416799
1.559071
1.597968
1.380329
1.708622
1.347728
1.566722
1.357821
1.363983
1.640170
23.700060
1.316796
1.076772
1.578848
1.446096
1.312264
1.869607
3.603451
1.518711
