119.61467
80.967583
105.0895
172.80858
219.22212
161.66757
102.73459
191.94934
309.8306
489.17572
425.34222
479.80014
523.90802
664.95624
805.45691
1161.6255
1388.5653
1705.387
2308.6384
3290.2766
4782.6265
6461.4844
8650.2266
11023.642
12608.657
13264.658
12943.679
12366.376
11398.823
9765.0439
7705.1162
5598.1982
4146.5151
3012.165
2121.8208
1473.6766
1121.0782
891.64844
767.42206
782.08752
569.04419
587.40961
405.9039
255.99472
142.06502
272.1846
231.92146
171.7415
132.04285
72.444527
85.904221
13.680065
