153.99193
137.1893
124.91064
222.32167
158.72357
37.33007
99.980255
164.41261
93.762924
37.420403
104.04451
183.92519
227.21536
230.63574
226.89847
309.30002
289.76312
487.60699
669.54474
739.02393
883.82031
992.27081
1488.3788
1760.7207
2871.9758
3770.4387
5154.5698
6809.2993
8734.2236
9976.3594
11602.345
12984.438
13032.077
12381.096
11460.595
9919.0156
8368.0898
6071.9131
4176.0142
2959.9058
1793.5956
1398.5676
1111.92
892.9776
781.95972
657.70325
451.72617
538.77539
375.87659
369.97943
280.37115
197.52174
164.52011
311.00958
202.1227
217.20097
206.1322
157.94807
217.88918
63.552734
176.5687
24.389933
53.803116
