55.090561
116.77174
146.28825
61.747665
155.93053
203.60481
188.2742
282.78601
229.94209
232.70932
242.37614
220.04279
186.4653
347.49619
335.43274
272.46225
384.91971
557.40741
523.05737
687.94849
890.35229
1328.7478
1749.2524
2160.6768
2916.3682
4126.9399
5923.5649
8355.6104
11091.657
13775.361
15592.487
15399.306
13171.566
10897.702
7953.8433
5589.8862
4204.1221
2904.9114
2188.7615
1498.4164
992.97473
843.2146
876.10034
912.91595
572.91351
435.1705
212.18933
311.11691
184.73627
190.78366
225.48245
90.922691
205.67017
144.31175
74.744209
49.246258
4.716608
4.4059772
23.851503
67.873154
177.67729
241.5154
-41.533726
