110.72042
66.403717
151.64095
148.77451
274.31586
194.64539
350.92575
265.63593
378.2485
252.6499
252.15953
286.24844
430.68338
444.20242
428.51352
531.03949
572.02069
560.20636
680.76111
889.47412
1131.9679
1930.6575
2674.0068
3371.4529
4982.0415
7185.7324
9678.6992
12595.675
14941.912
15886.003
15508.795
13343.486
10151.396
7500.3271
5248.0376
3182.0496
2091.3325
1461.3845
1082.2284
859.68585
627.10443
625.2796
528.50397
531.41058
375.77475
366.92883
218.98032
270.30005
267.71918
275.68503
134.48686
3.928268
191.98293
223.45341
143.405
217.33929
-5.6274996
106.03397
103.03183
