1843
2117
2323
2247
2613
2673
2607
2897
3067
3053
2773
2680
2353
2047
2100
2427
2560
2993
3157
3543
3183
3480
3390
3040
3367
3417
4013
4263
3840
3363
3547
3470
3410
3800
3800
4650
4773
4487
4550
4283
4507
4493
4083
4223
4357
4677
4980
5157
5170
5610
5567
5797
6447
6880
7027
7077
6863
7350
7730
7863
7337
7543
8077
8007
7973
8670
9480
9573
9800
9730
10547
10537
10153
10367
10063
10167
10750
10920
11333
11770
12440
13167
13343
12813
13713
14490
15303
14827
14823
15550
16157
16650
17770
18117
17783
18677
19070
19590
20267
21033
21920
22747
23057
22960
23733
23897
24210
25397
25873
26997
28347
30067
30857
31680
33547
34490
35643
36283
37453
38537
40120
41093
43043
45120
48483
51783
53527
55427
58467
61910
64087
65540
69643
72753
75500
80230
84723
89097
94800
99677
104903
112673
120573
130093
139623
149290
161567
174800
188887
205953
228833
259567
297947
339477
389820
455810
537843
641397
772447
938803
1154303
1436477
1791940
2230900
2774870
3436913
4252147
5243150
6425713
7828257
9411593
11107500
12803200
14361500
15581100
16227300
16171900
15422900
14079200
12279100
10300200
8468310
6842550
5485520
4422057
3579160
2901823
2375920
1958520
1616937
1350073
1137277
965837
829073
725480
644613
572493
518727
481597
447743
416060
387950
367833
350163
336770
325347
313483
300190
290687
281067
274010
264987
256007
254033
252653
246190
238763
233050
228323
223877
221923
218513
214403
213113
211367
208833
208820
207150
201477
199707
198273
198227
199750
202457
201343
198770
197570
196460
195513
195600
195823
195263
195723
195433
194127
192100
190963
191353
192560
192727
192827
192690
192493
191007
190400
194260
195867
195087
195657
197027
199510
198487
195943
197040
199417
201293
200770
200260
201847
204057
204170
204117
204660
205490
206547
208313
211470
213793
218587
220997
222593
223867
223727
224713
226930
229167
232580
233117
232910
232703
234323
234437
238963
244993
249220
252713
254810
257923
264420
271697
276693
279353
282147
290517
298170
305123
309907
318060
321827
325860
333737
343100
354700
367767
381507
390540
395963
400320
398883
398487
400670
404243
408643
411113
411217
410103
409620
410763
416187
418970
417790
415397
414360
417030
419323
420660
422440
419263
417760
424677
434923
435337
436940
442927
448940
451673
451657
452260
457663
465960
470920
474930
479007
486433
491227
491030
493993
498333
500070
503463
508770
514370
519640
524060
529500
536113
539087
543250
546360
551573
554507
556060
559127
563023
569660
579777
583543
584513
588823
594513
595147
598240
600353
602200
609033
616053
622343
629833
633610
633633
633537
638307
641237
638830
639827
644633
645317
644337
645083
646747
649180
650200
653550
656773
656700
657803
658530
655277
653360
657623
658557
656553
655603
654643
651297
647263
640953
636313
634623
634043
631063
624827
618840
609517
605583
598407
591633
588033
583613
577660
571307
563983
558893
555737
552247
545053
538810
530930
526997
525730
518047
513300
505873
497107
488780
485830
482503
473010
466347
458713
449820
445560
440283
434090
426933
419183
417090
414863
410690
407960
404657
399340
393023
389147
379723
374753
374277
370677
369150
367637
362013
355363
350447
348130
345877
340180
336973
336470
333693
331917
331383
324547
318417
313613
309730
307107
304660
303353
300673
297790
298667
296407
294443
296420
298243
297370
292937
289190
285563
279943
276150
274940
274437
270720
265100
261753
261813
260640
260207
262920
261630
258597
255720
254453
254600
254267
252297
248757
248587
250270
248220
246113
244017
241470
239840
236850
233243
235183
236157
234443
234977
235740
236177
233967
234970
237290
236973
236070
234303
234443
232293
233377
236857
238113
238810
236010
234863
235930
236173
234553
236710
240037
240650
242197
241523
239007
236750
237780
238373
237180
235830
237027
236650
234833
234027
236290
238877
240153
242047
241577
240940
241873
241253
239317
240433
241093
239623
239990
239043
239583
241333
241257
238980
239853
240540
241673
242660
242333
240060
239270
239633
242507
243913
241997
238610
236047
234910
237800
241113
241943
241607
242637
244023
242080
241403
240590
240727
243260
241887
240417
243367
247120
245690
242860
240767
238497
237970
240943
241720
241600
239020
238973
240600
238697
234707
234777
238797
237927
233430
231357
231057
233513
233153
230450
231907
235277
235427
234827
232853
230687
232313
232370
231867
232420
231137
229913
228583
228317
228407
227973
228263
226483
226917
226920
226007
225250
225317
227403
227383
225977
224693
222607
221677
220537
219617
218543
217353
218000
217610
216540
214383
212667
211203
211250
212933
214523
215997
215517
211933
208497
208297
206163
207237
206587
205187
202800
200990
200820
199553
197770
195513
193593
194700
196260
196683
192230
191010
195627
197833
196523
195323
194063
195527
196530
195847
193013
191283
190287
188383
187313
187147
182433
178993
177610
179103
180433
179453
178457
177430
177380
178173
178273
177623
174457
173530
175023
176040
176133
175947
176413
176940
175950
174937
173970
171387
169713
171350
174783
174593
172940
170250
166920
165810
164697
165113
163987
163967
165573
163407
160847
163460
164380
162693
162320
161157
160487
159927
157343
155630
154997
155573
154823
153500
152727
150843
152620
154777
154033
153177
153400
152300
151033
149233
147843
148040
150380
151187
149450
150240
149493
147093
145460
144857
144853
143700
141780
141673
142837
143980
145423
143250
140317
139897
138293
137007
137643
138900
138753
138450
138087
136390
136623
137900
139203
139153
137860
136973
138170
138307
138630
137563
136067
135493
133297
131247
132523
133490
133610
133423
132010
131233
129250
128350
128360
130150
128437
126450
127230
127123
124823
122860
124977
126440
125013
123353
123387
123237
124000
125033
124197
123147
122320
121843
121950
121750
120680
120620
120907
120583
120553
121870
120337
119093
116750
117253
116317
115280
115087
115363
116257
115967
116253
115640
114580
114740
115817
116327
115297
114753
115097
116737
115523
115070
114457
114033
112420
109377
108947
108530
108483
109743
111377
110753
110290
110403
110377
108963
109043
109363
107783
106857
107607
107047
107373
108320
107977
107617
107357
107540
107970
107537
106323
106113
106433
105730
104970
103550
103923
103893
102790
102523
103207
103663
103933
105377
104810
103370
104173
103167
103173
103633
102893
102903
103587
103110
103677
102567
101327
102533
101203
99327
97140
95040
95990
97317
99530
99540
97973
96603
95983
95627
95420
93813
93077
93367
92667
93303
94383
95367
95507
94940
93863
92940
91850
92063
92220
92147
92783
92293
91297
90727
91130
89727
89997
90437
90040
87850
87687
88157
89047
88100
87790
87793
87373
86010
83517
82750
83207
85263
85940
85023
83477
84287
84567
82660
81770
82217
82397
82910
82660
82247
81030
80993
81293
79730
78313
79793
80190
80287
81540
83020
83817
82680
81977
82943
84293
84013
82780
81847
79467
78993
79610
79837
80510
79657
78843
78343
77150
75543
75303
75707
77723
78450
77447
74913
72783
73013
74460
74323
72650
73207
74880
73637
72803
72757
70933
69707
69853
71570
71870
71463
70547
71083
71560
71667
72987
74287
74580
73933
72733
71217
70387
70607
71490
73053
72520
68977
68423
68243
67613
68473
67673
66067
65390
64937
64433
64337
65590
67073
66537
64910
63347
63170
64377
65153
65587
65193
64753
65283
65257
64563
64140
63193
64527
66297
66193
66020
64710
63290
63193
63797
63470
62403
61483
61140
60453
61570
62197
61937
61743
61793
62893
62380
61040
59423
58493
58890
59050
59937
61777
62240
61277
59283
58560
60157
60553
59640
59653
58993
57857
57980
58820
59073
60283
61673
62160
60917
59303
57967
59053
58610
57703
57123
56397
55367
55280
56083
57377
58933
58083
55750
54877
54190
53740
54273
56523
57127
56893
56830
57123
56573
55100
52953
52807
53203
51713
50977
51663
52373
52660
52590
54170
55337
54830
54170
52883
52227
52767
53687
53320
51413
50750
51103
51117
51750
52420
51673
52600
53630
51633
50390
50630
50463
49207
50227
51697
50620
50550
51237
50260
49887
50010
49920
50390
51270
51727
51540
51410
51183
52537
52743
52513
51790
49847
49173
48857
46957
45993
46800
47017
46970
47093
46400
46183
47213
49450
50503
49503
48573
48820
47540
48737
50817
50970
49503
48377
48323
49193
49160
49110
48750
48037
48123
48123
47520
46860
47193
47853
48177
48687
48877
48393
46313
45237
46293
46953
46160
45540
44027
44133
44607
44787
45000
44543
43780
44363
44860
44840
44743
44810
45980
46513
47087
46813
46357
46730
46420
44843
44243
44483
44323
44583
45980
45660
45193
44297
44010
45117
44970
43280
42627
42900
42463
42080
42577
43523
43880
44097
43687
44243
45357
45710
45390
44803
43083
42543
42650
42523
43220
43327
43997
44807
43750
42067
41567
42333
42437
41953
41733
41303
40720
40263
40357
39957
39393
39127
39583
39307
38600
38867
41350
42203
40757
40520
40930
40563
40130
39897
40117
40873
41793
41960
41890
39490
39217
39673
39597
39473
39857
39537
40010
40173
39557
39807
40293
39817
39060
38510
37790
37690
37680
37330
38307
37910
37870
39043
38873
38757
37273
36693
36987
38407
38970
38367
37423
36310
36473
37350
36563
34680
33897
32907
34000
35820
36787
36603
37453
38040
37250
38853
39720
39163
38073
37470
37453
37157
36503
35440
34850
35680
36193
36347
35610
35570
36563
37077
37357
37310
37377
36250
35403
35533
36060
36267
35797
35673
36217
35720
35323
34530
33820
33460
34600
35253
35910
35823
35553
34987
34813
34073
33373
33387
33857
34643
34567
33560
33790
34983
34360
33590
33303
33947
34970
35240
33790
33947
33760
34910
35533
35167
34437
33503
33340
33907
35310
35530
35070
34370
33070
31673
31457
32090
32577
33270
34993
35523
35577
34917
35090
34587
33860
33877
34750
33787
33063
33020
32730
33997
33667
32537
32350
33230
33733
33600
33503
32813
32010
31393
30620
30183
31017
31603
31283
31743
31750
32743
34240
33900
33107
31577
30530
29913
29473
29113
29950
31310
31350
32210
31473
30560
31387
31477
30713
30857
30377
30890
30933
30127
29213
28937
28050
28020
28683
29630
31263
32127
31873
31137
30860
31440
31457
31167
30723
29747
29217
29783
29640
29790
30567
30847
30213
31007
30467
28813
29000
29863
29163
29337
30347
30117
29817
30170
30243
31097
31990
32750
33800
33303
31460
30360
29627
29700
30030
29983
29467
28727
29137
28917
28140
28250
29270
28957
29517
29020
29393
29920
30017
31340
31650
29320
28927
28463
27540
26600
26460
27753
28410
28300
27963
27430
27343
27547
27187
27243
28287
28713
28853
28243
28333
27770
27760
27663
27307
27773
28860
28320
28117
28010
27777
27267
26893
27913
28087
27693
27483
27363
27197
26503
27583
29467
30313
30320
28673
27947
27740
26993
26400
25867
26877
26493
25627
25600
26700
26623
25390
25307
25620
25847
26017
25693
25390
25557
25997
26560
25973
26520
27490
27127
27060
25920
24957
25117
25400
27060
27547
27030
26823
26757
25717
24730
23670
24493
24930
25413
24607
23727
23533
24287
24463
23453
23527
23490
24673
25533
24790
25177
25160
24877
25813
25613
24930
24233
24270
24060
24087
24790
24710
23960
23780
24090
24080
24337
24127
24100
24667
25003
24217
23973
24033
24047
23060
23173
23780
24157
23450
23553
23343
23837
25127
25310
24637
24710
24193
23490
23277
22127
21773
22467
24047
24063
24357
24700
24933
24700
25017
24393
23780
23817
23887
23623
23597
23463
23357
23997
23073
22530
22323
22233
22143
22930
23343
22713
23493
23827
24407
24403
23270
23110
23450
23533
23437
24257
24623
24957
24447
23913
23847
23500
22920
22373
22040
22093
21647
21330
20880
20157
20313
20780
20637
21027
21130
21210
21510
21767
22600
22947
22883
21947
21363
21007
20947
21197
21220
20933
20237
20390
21310
20893
19750
19117
19457
19910
20033
20427
20140
21047
21060
21460
22340
22657
22467
21847
22190
21763
21087
20003
19820
20773
21233
21613
21350
20890
20597
19637
19760
20607
20697
20933
21033
20353
19557
18973
18873
19543
19833
19627
19977
20120
20567
21230
21553
21190
21233
21107
20647
20827
20820
20957
21583
21733
20853
19747
19340
19337
19477
19960
21283
20880
20567
20450
20677
20907
21240
20943
20393
20803
21290
22350
23250
23787
23990
24323
24807
25470
24847
23850
23170
21950
20907
20727
20763
21193
20583
20517
20323
20113
18893
18657
18533
18627
18703
19333
20500
20647
19343
19507
19767
20070
20590
20387
21160
21640
21700
21690
21010
20460
21110
20903
20703
20417
19643
19387
19157
18790
19277
19980
20007
19213
18040
17990
18417
18747
18717
18677
18577
19073
18663
18520
19027
19670
20077
20850
20250
19207
17793
17577
18130
17887
18177
18237
18000
18037
18517
19270
18640
19403
19863
20337
20583
20117
19483
18447
18477
18700
19293
19277
19940
19450
18273
18030
18010
18117
17603
18283
19337
19367
17987
17960
18413
18610
18703
19133
18987
17890
18237
18920
19693
19217
18253
18343
18857
19233
19040
18890
18883
18140
18537
19460
19697
19393
19210
19170
18620
17970
17627
18203
18370
19423
19123
18543
18623
18467
17243
16537
17233
16967
17733
18293
17960
17043
16237
17167
17607
16560
16217
15857
16273
16990
17503
17507
18250
18120
17103
17270
17273
17520
17717
17067
16773
16450
17040
17653
18050
18050
17953
18153
17647
17493
17550